# i;e_t1,e_s1,e_r1,e_r2,e_q;coef mod 101  (1 = sum_i L_i * I[i] in F_101[t1,s1,r1,r2,q])
1;10,0,0,0,0;20
1;9,1,0,0,0;1
1;8,2,0,0,0;-13
1;7,3,0,0,0;-38
1;6,4,0,0,0;-38
1;9,0,1,0,0;-16
1;8,1,1,0,0;-16
1;7,2,1,0,0;26
1;6,3,1,0,0;13
1;8,0,2,0,0;-15
1;7,1,2,0,0;46
1;6,2,2,0,0;38
1;7,0,3,0,0;10
1;6,1,3,0,0;5
1;9,0,0,1,0;-4
1;8,1,0,1,0;6
1;7,2,0,1,0;-23
1;6,3,0,1,0;8
1;8,0,1,1,0;-30
1;7,1,1,1,0;-17
1;6,2,1,1,0;-48
1;7,0,2,1,0;47
1;6,1,2,1,0;19
1;8,0,0,2,0;-31
1;7,1,0,2,0;7
1;6,2,0,2,0;-26
1;7,0,1,2,0;-8
1;6,1,1,2,0;-9
1;7,0,0,3,0;17
1;6,1,0,3,0;50
1;9,0,0,0,1;-42
1;8,1,0,0,1;-2
1;7,2,0,0,1;-6
1;6,3,0,0,1;-42
1;8,0,1,0,1;6
1;7,1,1,0,1;17
1;6,2,1,0,1;20
1;7,0,2,0,1;20
1;6,1,2,0,1;-41
1;8,0,0,1,1;41
1;7,1,0,1,1;35
1;6,2,0,1,1;-41
1;7,0,1,1,1;13
1;6,1,1,1,1;47
1;7,0,0,2,1;23
1;6,1,0,2,1;48
1;8,0,0,0,2;35
1;7,1,0,0,2;-38
1;6,2,0,0,2;7
1;7,0,1,0,2;23
1;6,1,1,0,2;-19
1;7,0,0,1,2;-46
1;6,1,0,1,2;1
1;7,0,0,0,3;15
1;9,0,0,0,0;-33
1;8,1,0,0,0;-24
1;7,2,0,0,0;1
1;6,3,0,0,0;-15
1;5,4,0,0,0;-19
1;4,5,0,0,0;-24
1;8,0,1,0,0;-43
1;7,1,1,0,0;31
1;6,2,1,0,0;-1
1;5,3,1,0,0;16
1;4,4,1,0,0;-17
1;7,0,2,0,0;-41
1;6,1,2,0,0;-40
1;5,2,2,0,0;-35
1;4,3,2,0,0;7
1;6,0,3,0,0;-11
1;5,1,3,0,0;15
1;4,2,3,0,0;43
1;5,0,4,0,0;-35
1;8,0,0,1,0;24
1;7,1,0,1,0;-22
1;6,2,0,1,0;-29
1;5,3,0,1,0;9
1;4,4,0,1,0;11
1;7,0,1,1,0;-7
1;6,1,1,1,0;-30
1;5,2,1,1,0;-42
1;4,3,1,1,0;-36
1;6,0,2,1,0;20
1;5,1,2,1,0;-18
1;4,2,2,1,0;40
1;5,0,3,1,0;48
1;7,0,0,2,0;-34
1;6,1,0,2,0;48
1;5,2,0,2,0;-44
1;4,3,0,2,0;40
1;6,0,1,2,0;-48
1;5,1,1,2,0;23
1;4,2,1,2,0;-24
1;5,0,2,2,0;4
1;6,0,0,3,0;-2
1;5,1,0,3,0;-7
1;4,2,0,3,0;40
1;5,0,1,3,0;35
1;5,0,0,4,0;-21
1;8,0,0,0,1;1
1;7,1,0,0,1;-39
1;6,2,0,0,1;11
1;5,3,0,0,1;-24
1;4,4,0,0,1;-32
1;7,0,1,0,1;-3
1;6,1,1,0,1;37
1;5,2,1,0,1;-41
1;4,3,1,0,1;-46
1;6,0,2,0,1;27
1;5,1,2,0,1;-50
1;4,2,2,0,1;11
1;5,0,3,0,1;-16
1;7,0,0,1,1;-1
1;6,1,0,1,1;42
1;5,2,0,1,1;5
1;4,3,0,1,1;11
1;6,0,1,1,1;-33
1;5,1,1,1,1;-26
1;4,2,1,1,1;-6
1;5,0,2,1,1;25
1;6,0,0,2,1;28
1;5,1,0,2,1;17
1;4,2,0,2,1;-2
1;5,0,1,2,1;-1
1;5,0,0,3,1;-4
1;7,0,0,0,2;30
1;6,1,0,0,2;47
1;5,2,0,0,2;48
1;4,3,0,0,2;-7
1;6,0,1,0,2;-25
1;5,1,1,0,2;-34
1;4,2,1,0,2;-22
1;5,0,2,0,2;32
1;6,0,0,1,2;-12
1;5,1,0,1,2;2
1;4,2,0,1,2;21
1;5,0,1,1,2;-8
1;5,0,0,2,2;42
1;6,0,0,0,3;-50
1;5,1,0,0,3;44
1;8,0,0,0,0;10
1;7,1,0,0,0;48
1;6,2,0,0,0;28
1;5,3,0,0,0;-24
1;4,4,0,0,0;18
1;3,5,0,0,0;39
1;2,6,0,0,0;24
1;7,0,1,0,0;-30
1;6,1,1,0,0;-26
1;5,2,1,0,0;-20
1;4,3,1,0,0;7
1;3,4,1,0,0;10
1;2,5,1,0,0;48
1;6,0,2,0,0;17
1;5,1,2,0,0;48
1;4,2,2,0,0;-24
1;3,3,2,0,0;46
1;2,4,2,0,0;-13
1;5,0,3,0,0;-49
1;4,1,3,0,0;22
1;3,2,3,0,0;28
1;2,3,3,0,0;12
1;4,0,4,0,0;25
1;3,1,4,0,0;-29
1;7,0,0,1,0;-37
1;6,1,0,1,0;-41
1;5,2,0,1,0;-17
1;4,3,0,1,0;-4
1;3,4,0,1,0;33
1;2,5,0,1,0;-17
1;6,0,1,1,0;49
1;5,1,1,1,0;-26
1;4,2,1,1,0;32
1;3,3,1,1,0;6
1;2,4,1,1,0;-6
1;5,0,2,1,0;-38
1;4,1,2,1,0;7
1;3,2,2,1,0;-46
1;2,3,2,1,0;-38
1;4,0,3,1,0;33
1;3,1,3,1,0;25
1;6,0,0,2,0;39
1;5,1,0,2,0;-5
1;4,2,0,2,0;17
1;3,3,0,2,0;-18
1;2,4,0,2,0;-47
1;4,1,1,2,0;11
1;3,2,1,2,0;12
1;2,3,1,2,0;28
1;4,0,2,2,0;-42
1;3,1,2,2,0;-11
1;5,0,0,3,0;-7
1;4,1,0,3,0;44
1;3,2,0,3,0;12
1;2,3,0,3,0;46
1;4,0,1,3,0;-41
1;3,1,1,3,0;-2
1;4,0,0,4,0;21
1;3,1,0,4,0;36
1;7,0,0,0,1;-50
1;6,1,0,0,1;8
1;5,2,0,0,1;18
1;3,4,0,0,1;14
1;2,5,0,0,1;6
1;6,0,1,0,1;-8
1;5,1,1,0,1;35
1;4,2,1,0,1;-38
1;3,3,1,0,1;-1
1;2,4,1,0,1;42
1;5,0,2,0,1;-14
1;4,1,2,0,1;19
1;3,2,2,0,1;-36
1;2,3,2,0,1;43
1;4,0,3,0,1;22
1;3,1,3,0,1;-45
1;6,0,0,1,1;-17
1;5,1,0,1,1;11
1;4,2,0,1,1;2
1;3,3,0,1,1;9
1;2,4,0,1,1;22
1;5,0,1,1,1;-11
1;4,1,1,1,1;-9
1;3,2,1,1,1;-39
1;2,3,1,1,1;-42
1;4,0,2,1,1;20
1;3,1,2,1,1;-44
1;5,0,0,2,1;35
1;4,1,0,2,1;-18
1;3,2,0,2,1;-27
1;2,3,0,2,1;28
1;4,0,1,2,1;-22
1;3,1,1,2,1;32
1;4,0,0,3,1;-40
1;3,1,0,3,1;-22
1;6,0,0,0,2;26
1;5,1,0,0,2;-50
1;4,2,0,0,2;-35
1;3,3,0,0,2;-16
1;2,4,0,0,2;28
1;5,0,1,0,2;-15
1;4,1,1,0,2;4
1;3,2,1,0,2;32
1;2,3,1,0,2;15
1;4,0,2,0,2;-30
1;3,1,2,0,2;-11
1;5,0,0,1,2;-25
1;4,1,0,1,2;-43
1;3,2,0,1,2;-38
1;2,3,0,1,2;9
1;4,0,1,1,2;-35
1;3,1,1,1,2;42
1;4,0,0,2,2;24
1;3,1,0,2,2;29
1;5,0,0,0,3;-6
1;4,1,0,0,3;35
1;3,2,0,0,3;-35
1;4,0,1,0,3;-8
1;4,0,0,1,3;-14
1;7,0,0,0,0;-25
1;5,2,0,0,0;13
1;4,3,0,0,0;40
1;3,4,0,0,0;-41
1;2,5,0,0,0;-20
1;1,6,0,0,0;-32
1;0,7,0,0,0;-21
1;6,0,1,0,0;24
1;5,1,1,0,0;20
1;4,2,1,0,0;41
1;3,3,1,0,0;-3
1;2,4,1,0,0;-31
1;1,5,1,0,0;10
1;0,6,1,0,0;-45
1;5,0,2,0,0;-25
1;4,1,2,0,0;-15
1;3,2,2,0,0;21
1;2,3,2,0,0;-19
1;1,4,2,0,0;-46
1;0,5,2,0,0;36
1;4,0,3,0,0;-38
1;3,1,3,0,0;-33
1;2,2,3,0,0;49
1;1,3,3,0,0;20
1;0,4,3,0,0;-24
1;3,0,4,0,0;-19
1;2,1,4,0,0;-36
1;1,2,4,0,0;-46
1;2,0,5,0,0;-5
1;6,0,0,1,0;40
1;5,1,0,1,0;30
1;4,2,0,1,0;-20
1;3,3,0,1,0;39
1;2,4,0,1,0;-29
1;1,5,0,1,0;-34
1;0,6,0,1,0;-18
1;5,0,1,1,0;28
1;4,1,1,1,0;29
1;3,2,1,1,0;-21
1;2,3,1,1,0;-8
1;1,4,1,1,0;-42
1;0,5,1,1,0;-44
1;4,0,2,1,0;-13
1;3,1,2,1,0;43
1;2,2,2,1,0;13
1;1,3,2,1,0;-14
1;0,4,2,1,0;49
1;3,0,3,1,0;35
1;2,1,3,1,0;-24
1;1,2,3,1,0;-13
1;2,0,4,1,0;-38
1;5,0,0,2,0;40
1;4,1,0,2,0;16
1;3,2,0,2,0;-20
1;2,3,0,2,0;43
1;1,4,0,2,0;29
1;0,5,0,2,0;7
1;4,0,1,2,0;40
1;3,1,1,2,0;-45
1;2,2,1,2,0;-43
1;1,3,1,2,0;-44
1;0,4,1,2,0;-25
1;3,0,2,2,0;36
1;2,1,2,2,0;3
1;1,2,2,2,0;-5
1;2,0,3,2,0;-7
1;4,0,0,3,0;22
1;3,1,0,3,0;-18
1;2,2,0,3,0;-4
1;1,3,0,3,0;46
1;0,4,0,3,0;-12
1;3,0,1,3,0;5
1;2,1,1,3,0;12
1;1,2,1,3,0;13
1;2,0,2,3,0;20
1;3,0,0,4,0;34
1;2,1,0,4,0;-14
1;1,2,0,4,0;22
1;2,0,1,4,0;28
1;2,0,0,5,0;-44
1;6,0,0,0,1;19
1;5,1,0,0,1;45
1;4,2,0,0,1;-3
1;3,3,0,0,1;-34
1;2,4,0,0,1;14
1;1,5,0,0,1;-28
1;0,6,0,0,1;-21
1;5,0,1,0,1;37
1;4,1,1,0,1;6
1;3,2,1,0,1;44
1;2,3,1,0,1;34
1;1,4,1,0,1;-2
1;0,5,1,0,1;50
1;4,0,2,0,1;-20
1;3,1,2,0,1;36
1;2,2,2,0,1;10
1;1,3,2,0,1;41
1;0,4,2,0,1;15
1;3,0,3,0,1;18
1;2,1,3,0,1;-49
1;1,2,3,0,1;-47
1;2,0,4,0,1;41
1;5,0,0,1,1;-18
1;4,1,0,1,1;25
1;3,2,0,1,1;-18
1;2,3,0,1,1;-24
1;1,4,0,1,1;-22
1;0,5,0,1,1;-22
1;4,0,1,1,1;40
1;3,1,1,1,1;6
1;2,2,1,1,1;39
1;1,3,1,1,1;37
1;0,4,1,1,1;-38
1;3,0,2,1,1;-15
1;2,1,2,1,1;-9
1;1,2,2,1,1;-26
1;2,0,3,1,1;28
1;4,0,0,2,1;31
1;3,1,0,2,1;17
1;2,2,0,2,1;36
1;1,3,0,2,1;41
1;0,4,0,2,1;41
1;3,0,1,2,1;9
1;2,1,1,2,1;5
1;1,2,1,2,1;-44
1;2,0,2,2,1;-37
1;3,0,0,3,1;-20
1;2,1,0,3,1;-45
1;1,2,0,3,1;9
1;2,0,1,3,1;-46
1;2,0,0,4,1;-18
1;5,0,0,0,2;-42
1;4,1,0,0,2;-33
1;3,2,0,0,2;12
1;2,3,0,0,2;-26
1;1,4,0,0,2;-43
1;0,5,0,0,2;31
1;4,0,1,0,2;-26
1;3,1,1,0,2;-44
1;2,2,1,0,2;-28
1;1,3,1,0,2;36
1;0,4,1,0,2;-30
1;3,0,2,0,2;-22
1;2,1,2,0,2;-33
1;1,2,2,0,2;-7
1;2,0,3,0,2;19
1;4,0,0,1,2;-5
1;3,1,0,1,2;5
1;2,2,0,1,2;-23
1;1,3,0,1,2;19
1;0,4,0,1,2;24
1;3,0,1,1,2;50
1;2,1,1,1,2;-27
1;1,2,1,1,2;-14
1;2,0,2,1,2;-50
1;3,0,0,2,2;22
1;2,1,0,2,2;-20
1;1,2,0,2,2;-44
1;2,0,1,2,2;21
1;2,0,0,3,2;-13
1;4,0,0,0,3;21
1;3,1,0,0,3;42
1;2,2,0,0,3;-13
1;1,3,0,0,3;-29
1;3,0,1,0,3;-28
1;2,1,1,0,3;-45
1;3,0,0,1,3;21
1;2,1,0,1,3;10
1;3,0,0,0,4;39
1;6,0,0,0,0;24
1;5,1,0,0,0;-26
1;4,2,0,0,0;-15
1;3,3,0,0,0;21
1;2,4,0,0,0;-1
1;1,5,0,0,0;-22
1;0,6,0,0,0;-16
1;5,0,1,0,0;34
1;4,1,1,0,0;33
1;3,2,1,0,0;42
1;2,3,1,0,0;-46
1;1,4,1,0,0;2
1;0,5,1,0,0;26
1;4,0,2,0,0;-33
1;3,1,2,0,0;-37
1;2,2,2,0,0;34
1;1,3,2,0,0;30
1;0,4,2,0,0;38
1;3,0,3,0,0;-42
1;2,1,3,0,0;-19
1;1,2,3,0,0;-38
1;0,3,3,0,0;27
1;2,0,4,0,0;47
1;1,1,4,0,0;-47
1;0,2,4,0,0;-41
1;1,0,5,0,0;4
1;0,1,5,0,0;-32
1;5,0,0,1,0;-31
1;4,1,0,1,0;-11
1;3,2,0,1,0;17
1;2,3,0,1,0;3
1;1,4,0,1,0;30
1;0,5,0,1,0;-48
1;4,0,1,1,0;-32
1;3,1,1,1,0;21
1;2,2,1,1,0;-36
1;1,3,1,1,0;7
1;0,4,1,1,0;-1
1;3,0,2,1,0;48
1;2,1,2,1,0;35
1;1,2,2,1,0;35
1;0,3,2,1,0;44
1;2,0,3,1,0;-39
1;1,1,3,1,0;-5
1;0,2,3,1,0;44
1;1,0,4,1,0;11
1;0,1,4,1,0;46
1;4,0,0,2,0;42
1;3,1,0,2,0;27
1;2,2,0,2,0;41
1;1,3,0,2,0;33
1;0,4,0,2,0;9
1;3,0,1,2,0;43
1;2,1,1,2,0;50
1;1,2,1,2,0;8
1;0,3,1,2,0;-37
1;2,0,2,2,0;-19
1;1,1,2,2,0;-20
1;0,2,2,2,0;20
1;1,0,3,2,0;-28
1;0,1,3,2,0;16
1;3,0,0,3,0;-18
1;2,1,0,3,0;-49
1;1,2,0,3,0;10
1;0,3,0,3,0;-14
1;2,0,1,3,0;15
1;1,1,1,3,0;-18
1;0,2,1,3,0;-5
1;1,0,2,3,0;10
1;0,1,2,3,0;-32
1;2,0,0,4,0;-46
1;1,1,0,4,0;-13
1;0,2,0,4,0;38
1;1,0,1,4,0;-26
1;0,1,1,4,0;28
1;1,0,0,5,0;4
1;0,1,0,5,0;-4
1;5,0,0,0,1;24
1;4,1,0,0,1;11
1;3,2,0,0,1;-49
1;2,3,0,0,1;44
1;1,4,0,0,1;-12
1;0,5,0,0,1;-35
1;4,0,1,0,1;-7
1;3,1,1,0,1;-28
1;2,2,1,0,1;43
1;1,3,1,0,1;26
1;0,4,1,0,1;28
1;3,0,2,0,1;25
1;2,1,2,0,1;29
1;1,2,2,0,1;23
1;0,3,2,0,1;-45
1;2,0,3,0,1;2
1;1,1,3,0,1;6
1;0,2,3,0,1;-14
1;1,0,4,0,1;42
1;0,1,4,0,1;20
1;4,0,0,1,1;-23
1;3,1,0,1,1;37
1;2,2,0,1,1;32
1;1,3,0,1,1;-30
1;0,4,0,1,1;38
1;3,0,1,1,1;28
1;2,1,1,1,1;39
1;1,2,1,1,1;-16
1;0,3,1,1,1;44
1;2,0,2,1,1;-13
1;1,1,2,1,1;19
1;0,2,2,1,1;-32
1;1,0,3,1,1;-21
1;0,1,3,1,1;-47
1;3,0,0,2,1;-38
1;2,1,0,2,1;7
1;1,2,0,2,1;21
1;0,3,0,2,1;6
1;2,0,1,2,1;-42
1;1,1,1,2,1;10
1;0,2,1,2,1;2
1;1,0,2,2,1;-9
1;0,1,2,2,1;47
1;1,1,0,3,1;-45
1;0,2,0,3,1;40
1;1,0,1,3,1;30
1;0,1,1,3,1;-33
1;1,0,0,4,1;1
1;0,1,0,4,1;-20
1;4,0,0,0,2;-39
1;3,1,0,0,2;-49
1;2,2,0,0,2;-32
1;1,3,0,0,2;-5
1;0,4,0,0,2;6
1;3,0,1,0,2;-38
1;2,1,1,0,2;35
1;1,2,1,0,2;47
1;0,3,1,0,2;43
1;2,0,2,0,2;20
1;1,1,2,0,2;-25
1;0,2,2,0,2;43
1;1,0,3,0,2;33
1;0,1,3,0,2;-40
1;3,0,0,1,2;34
1;2,1,0,1,2;-43
1;1,2,0,1,2;13
1;0,3,0,1,2;8
1;2,0,1,1,2;44
1;1,1,1,1,2;-17
1;0,2,1,1,2;-17
1;1,0,2,1,2;-41
1;0,1,2,1,2;-9
1;2,0,0,2,2;-2
1;1,1,0,2,2;-32
1;0,2,0,2,2;40
1;1,0,1,2,2;-37
1;0,1,1,2,2;-49
1;1,0,0,3,2;-22
1;0,1,0,3,2;8
1;2,1,0,0,3;-41
1;1,2,0,0,3;49
1;0,3,0,0,3;2
1;2,0,1,0,3;-28
1;1,1,1,0,3;9
1;0,2,1,0,3;-17
1;1,0,2,0,3;-50
1;2,0,0,1,3;-8
1;1,1,0,1,3;39
1;0,2,0,1,3;45
1;1,0,1,1,3;10
1;1,0,0,2,3;41
1;2,0,0,0,4;20
1;1,1,0,0,4;-43
1;5,0,0,0,0;18
1;4,1,0,0,0;-2
1;3,2,0,0,0;-40
1;2,3,0,0,0;30
1;1,4,0,0,0;-9
1;0,5,0,0,0;5
1;4,0,1,0,0;-13
1;3,1,1,0,0;34
1;2,2,1,0,0;23
1;1,3,1,0,0;-45
1;0,4,1,0,0;38
1;3,0,2,0,0;46
1;2,1,2,0,0;-18
1;1,2,2,0,0;-27
1;0,3,2,0,0;5
1;2,0,3,0,0;24
1;1,1,3,0,0;10
1;0,2,3,0,0;-32
1;1,0,4,0,0;-26
1;0,1,4,0,0;-24
1;0,0,5,0,0;-25
1;4,0,0,1,0;26
1;3,1,0,1,0;-45
1;2,2,0,1,0;-42
1;1,3,0,1,0;39
1;0,4,0,1,0;-45
1;3,0,1,1,0;22
1;2,1,1,1,0;1
1;1,2,1,1,0;43
1;0,3,1,1,0;9
1;2,0,2,1,0;32
1;1,1,2,1,0;-9
1;0,2,2,1,0;-45
1;1,0,3,1,0;35
1;0,1,3,1,0;12
1;0,0,4,1,0;48
1;3,0,0,2,0;35
1;2,1,0,2,0;-32
1;1,2,0,2,0;-40
1;0,3,0,2,0;-41
1;2,0,1,2,0;18
1;1,1,1,2,0;-50
1;0,2,1,2,0;-6
1;1,0,2,2,0;-17
1;0,1,2,2,0;41
1;0,0,3,2,0;-16
1;2,0,0,3,0;-32
1;1,1,0,3,0;7
1;0,2,0,3,0;32
1;1,0,1,3,0;-39
1;0,1,1,3,0;45
1;0,0,2,3,0;11
1;1,0,0,4,0;-4
1;0,1,0,4,0;-25
1;0,0,1,4,0;-35
1;0,0,0,5,0;22
1;4,0,0,0,1;11
1;3,1,0,0,1;1
1;2,2,0,0,1;-32
1;1,3,0,0,1;-13
1;0,4,0,0,1;45
1;3,0,1,0,1;38
1;2,1,1,0,1;-14
1;1,2,1,0,1;-2
1;0,3,1,0,1;32
1;2,0,2,0,1;6
1;1,1,2,0,1;16
1;0,2,2,0,1;16
1;1,0,3,0,1;43
1;0,1,3,0,1;29
1;0,0,4,0,1;-7
1;3,0,0,1,1;-32
1;2,1,0,1,1;-47
1;1,2,0,1,1;39
1;0,3,0,1,1;29
1;2,0,1,1,1;7
1;1,1,1,1,1;-47
1;0,2,1,1,1;22
1;1,0,2,1,1;-23
1;0,1,2,1,1;-7
1;0,0,3,1,1;-34
1;2,0,0,2,1;17
1;1,1,0,2,1;-37
1;0,2,0,2,1;-24
1;1,0,1,2,1;10
1;0,1,1,2,1;-6
1;0,0,2,2,1;-1
1;1,0,0,3,1;49
1;0,1,0,3,1;26
1;0,0,1,3,1;-37
1;0,0,0,4,1;20
1;3,0,0,0,2;-4
1;2,1,0,0,2;18
1;1,2,0,0,2;38
1;0,3,0,0,2;-32
1;2,0,1,0,2;-45
1;1,1,1,0,2;-36
1;0,2,1,0,2;14
1;1,0,2,0,2;-30
1;0,1,2,0,2;20
1;0,0,3,0,2;-7
1;2,0,0,1,2;9
1;1,1,0,1,2;-24
1;0,2,0,1,2;-18
1;1,0,1,1,2;48
1;0,1,1,1,2;9
1;0,0,2,1,2;32
1;1,0,0,2,2;19
1;0,1,0,2,2;-30
1;0,0,1,2,2;-19
1;0,0,0,3,2;39
1;2,0,0,0,3;31
1;1,1,0,0,3;26
1;0,2,0,0,3;8
1;1,0,1,0,3;-1
1;0,1,1,0,3;-8
1;0,0,2,0,3;42
1;1,0,0,1,3;-9
1;0,1,0,1,3;27
1;0,0,1,1,3;-28
1;0,0,0,2,3;27
1;1,0,0,0,4;-46
1;0,1,0,0,4;-4
1;0,0,1,0,4;-46
1;0,0,0,1,4;14
1;4,0,0,0,0;-11
1;3,1,0,0,0;23
1;2,2,0,0,0;33
1;1,3,0,0,0;23
1;0,4,0,0,0;-21
1;3,0,1,0,0;6
1;2,1,1,0,0;-35
1;1,2,1,0,0;-48
1;0,3,1,0,0;-39
1;2,0,2,0,0;-31
1;1,1,2,0,0;-30
1;0,2,2,0,0;-17
1;1,0,3,0,0;-24
1;0,1,3,0,0;40
1;0,0,4,0,0;-15
1;3,0,0,1,0;-32
1;2,1,0,1,0;-13
1;1,2,0,1,0;39
1;0,3,0,1,0;-25
1;2,0,1,1,0;16
1;1,1,1,1,0;10
1;0,2,1,1,0;-11
1;1,0,2,1,0;-18
1;0,1,2,1,0;-8
1;0,0,3,1,0;-46
1;2,0,0,2,0;-30
1;1,1,0,2,0;3
1;0,2,0,2,0;3
1;1,0,1,2,0;-47
1;0,1,1,2,0;-50
1;0,0,2,2,0;48
1;1,0,0,3,0;-39
1;0,1,0,3,0;-48
1;0,0,1,3,0;10
1;0,0,0,4,0;47
1;3,0,0,0,1;25
1;2,1,0,0,1;44
1;1,2,0,0,1;47
1;0,3,0,0,1;-4
1;2,0,1,0,1;-39
1;1,1,1,0,1;-18
1;0,2,1,0,1;-25
1;1,0,2,0,1;-7
1;0,1,2,0,1;38
1;0,0,3,0,1;35
1;2,0,0,1,1;27
1;1,1,0,1,1;-38
1;0,2,0,1,1;20
1;1,0,1,1,1;-47
1;0,1,1,1,1;43
1;0,0,2,1,1;-46
1;1,0,0,2,1;-38
1;0,1,0,2,1;20
1;0,0,1,2,1;30
1;0,0,0,3,1;36
1;2,0,0,0,2;-36
1;0,2,0,0,2;-1
1;1,0,1,0,2;-18
1;0,1,1,0,2;-46
1;0,0,2,0,2;-25
1;1,0,0,1,2;-2
1;0,1,0,1,2;32
1;0,0,1,1,2;-11
1;0,0,0,2,2;-15
1;1,0,0,0,3;-44
1;0,1,0,0,3;2
1;0,0,1,0,3;-17
1;0,0,0,1,3;25
1;0,0,0,0,4;20
1;3,0,0,0,0;-1
1;2,1,0,0,0;-45
1;1,2,0,0,0;46
1;0,3,0,0,0;18
1;2,0,1,0,0;5
1;1,1,1,0,0;-13
1;0,2,1,0,0;35
1;1,0,2,0,0;17
1;0,1,2,0,0;44
1;0,0,3,0,0;-17
1;2,0,0,1,0;-36
1;1,1,0,1,0;-7
1;0,2,0,1,0;2
1;1,0,1,1,0;33
1;0,1,1,1,0;-19
1;0,0,2,1,0;-35
1;1,0,0,2,0;-13
1;0,1,0,2,0;-45
1;0,0,1,2,0;-36
1;0,0,0,3,0;-33
1;2,0,0,0,1;-39
1;1,1,0,0,1;9
1;0,2,0,0,1;19
1;1,0,1,0,1;34
1;0,1,1,0,1;31
1;0,0,2,0,1;-22
1;1,0,0,1,1;-47
1;0,1,0,1,1;36
1;0,0,1,1,1;11
1;0,0,0,2,1;11
1;1,0,0,0,2;23
1;0,1,0,0,2;11
1;0,0,1,0,2;-21
1;0,0,0,1,2;-24
1;0,0,0,0,3;-36
1;2,0,0,0,0;-48
1;1,1,0,0,0;-4
1;0,2,0,0,0;-32
1;1,0,1,0,0;-6
1;0,1,1,0,0;-30
1;0,0,2,0,0;-48
1;1,0,0,1,0;3
1;0,1,0,1,0;30
1;0,0,1,1,0;-6
1;0,0,0,2,0;1
1;1,0,0,0,1;8
1;0,1,0,0,1;45
1;0,0,1,0,1;-50
1;0,0,0,1,1;-36
1;0,0,0,0,2;-42
1;1,0,0,0,0;25
1;0,1,0,0,0;-39
1;0,0,1,0,0;18
1;0,0,0,1,0;40
1;0,0,0,0,1;42
1;0,0,0,0,0;-3
2;9,0,0,0,0;-18
2;8,1,0,0,0;-11
2;7,2,0,0,0;42
2;6,3,0,0,0;14
2;5,4,0,0,0;14
2;8,0,1,0,0;-26
2;7,1,1,0,0;-26
2;6,2,1,0,0;17
2;5,3,1,0,0;-42
2;7,0,2,0,0;-37
2;6,1,2,0,0;-1
2;5,2,2,0,0;-14
2;6,0,3,0,0;-9
2;5,1,3,0,0;46
2;8,0,0,1,0;44
2;7,1,0,1,0;35
2;6,2,0,1,0;-50
2;5,3,0,1,0;13
2;7,0,1,1,0;27
2;6,1,1,1,0;-15
2;5,2,1,1,0;23
2;6,0,2,1,0;-12
2;5,1,2,1,0;-7
2;7,0,0,2,0;38
2;6,1,0,2,0;24
2;5,2,0,2,0;-17
2;6,0,1,2,0;-13
2;5,1,1,2,0;-2
2;6,0,0,3,0;15
2;5,1,0,3,0;-45
2;8,0,0,0,1;-43
2;7,1,0,0,1;22
2;6,2,0,0,1;-35
2;5,3,0,0,1;-43
2;7,0,1,0,1;35
2;6,1,1,0,1;15
2;5,2,1,0,1;-18
2;6,0,2,0,1;-18
2;5,1,2,0,1;47
2;7,0,0,1,1;-47
2;6,1,0,1,1;19
2;5,2,0,1,1;47
2;6,0,1,1,1;-42
2;5,1,1,1,1;-12
2;6,0,0,2,1;50
2;5,1,0,2,1;-23
2;7,0,0,0,2;19
2;6,1,0,0,2;14
2;5,2,0,0,2;24
2;6,0,1,0,2;50
2;5,1,1,0,2;7
2;6,0,0,1,2;1
2;5,1,0,1,2;-11
2;6,0,0,0,3;37
2;8,0,0,0,0;-28
2;7,1,0,0,0;38
2;6,2,0,0,0;12
2;5,3,0,0,0;-2
2;4,4,0,0,0;-22
2;3,5,0,0,0;-46
2;7,0,1,0,0;-29
2;6,1,1,0,0;7
2;4,3,1,0,0;24
2;3,4,1,0,0;-40
2;6,0,2,0,0;-9
2;5,1,2,0,0;15
2;4,2,2,0,0;-6
2;3,3,2,0,0;20
2;5,0,3,0,0;-32
2;4,1,3,0,0;10
2;3,2,3,0,0;-10
2;4,0,4,0,0;-31
2;7,0,0,1,0;3
2;6,1,0,1,0;2
2;5,2,0,1,0;38
2;4,3,0,1,0;12
2;3,4,0,1,0;-35
2;6,0,1,1,0;-5
2;5,1,1,1,0;-34
2;4,2,1,1,0;-17
2;3,3,1,1,0;7
2;5,0,2,1,0;-6
2;4,1,2,1,0;-29
2;3,2,2,1,0;8
2;4,0,3,1,0;42
2;6,0,0,2,0;12
2;5,1,0,2,0;15
2;4,2,0,2,0;7
2;5,0,1,2,0;44
2;4,1,1,2,0;30
2;3,2,1,2,0;40
2;4,0,2,2,0;43
2;5,0,0,3,0;-19
2;4,1,0,3,0;-36
2;3,2,0,3,0;48
2;4,0,1,3,0;-24
2;4,0,0,4,0;-37
2;7,0,0,0,1;17
2;6,1,0,0,1;-7
2;5,2,0,0,1;-16
2;4,3,0,0,1;-33
2;3,4,0,0,1;32
2;6,0,1,0,1;15
2;5,1,1,0,1;-8
2;4,2,1,0,1;-30
2;3,3,1,0,1;4
2;5,0,2,0,1;39
2;4,1,2,0,1;31
2;3,2,2,0,1;-19
2;4,0,3,0,1;32
2;6,0,0,1,1;-47
2;5,1,0,1,1;6
2;4,2,0,1,1;8
2;3,3,0,1,1;-11
2;5,0,1,1,1;-7
2;4,1,1,1,1;10
2;3,2,1,1,1;-47
2;4,0,2,1,1;-10
2;5,0,0,2,1;-17
2;4,1,0,2,1;-26
2;3,2,0,2,1;38
2;4,0,1,2,1;22
2;4,0,0,3,1;17
2;6,0,0,0,2;24
2;5,1,0,0,2;15
2;4,2,0,0,2;49
2;3,3,0,0,2;29
2;5,0,1,0,2;-27
2;4,1,1,0,2;25
2;3,2,1,0,2;38
2;4,0,2,0,2;37
2;5,0,0,1,2;-45
2;4,1,0,1,2;-45
2;3,2,0,1,2;5
2;4,0,1,1,2;37
2;4,0,0,2,2;-27
2;5,0,0,0,3;-48
2;4,1,0,0,3;-22
2;7,0,0,0,0;-14
2;6,1,0,0,0;-32
2;5,2,0,0,0;11
2;4,3,0,0,0;22
2;3,4,0,0,0;-48
2;2,5,0,0,0;-40
2;1,6,0,0,0;-19
2;6,0,1,0,0;-50
2;5,1,1,0,0;-7
2;4,2,1,0,0;-36
2;3,3,1,0,0;-38
2;2,4,1,0,0;7
2;1,5,1,0,0;-3
2;5,0,2,0,0;-43
2;4,1,2,0,0;22
2;3,2,2,0,0;1
2;2,3,2,0,0;-22
2;1,4,2,0,0;-40
2;4,0,3,0,0;-18
2;3,1,3,0,0;6
2;2,2,3,0,0;-15
2;1,3,3,0,0;-23
2;3,0,4,0,0;-47
2;2,1,4,0,0;-5
2;6,0,0,1,0;23
2;5,1,0,1,0;-37
2;4,2,0,1,0;-46
2;3,3,0,1,0;-18
2;2,4,0,1,0;21
2;1,5,0,1,0;-12
2;5,0,1,1,0;4
2;4,1,1,1,0;-24
2;3,2,1,1,0;-35
2;2,3,1,1,0;5
2;1,4,1,1,0;10
2;4,0,2,1,0;-5
2;3,1,2,1,0;42
2;2,2,2,1,0;39
2;1,3,2,1,0;-14
2;3,0,3,1,0;7
2;2,1,3,1,0;31
2;5,0,0,2,0;3
2;4,1,0,2,0;-43
2;3,2,0,2,0;-1
2;2,3,0,2,0;-1
2;1,4,0,2,0;16
2;4,0,1,2,0;-22
2;3,1,1,2,0;-24
2;2,2,1,2,0;48
2;1,3,1,2,0;8
2;3,0,2,2,0;-19
2;2,1,2,2,0;15
2;4,0,0,3,0;37
2;3,1,0,3,0;-20
2;2,2,0,3,0;43
2;1,3,0,3,0;-36
2;3,0,1,3,0;-33
2;2,1,1,3,0;-26
2;3,0,0,4,0;3
2;2,1,0,4,0;9
2;6,0,0,0,1;1
2;5,1,0,0,1;-42
2;4,2,0,0,1;-17
2;3,3,0,0,1;-46
2;2,4,0,0,1;44
2;1,5,0,0,1;-18
2;5,0,1,0,1;47
2;4,1,1,0,1;-50
2;3,2,1,0,1;-6
2;2,3,1,0,1;-16
2;1,4,1,0,1;34
2;4,0,2,0,1;38
2;3,1,2,0,1;-19
2;2,2,2,0,1;-5
2;1,3,2,0,1;27
2;3,0,3,0,1;6
2;2,1,3,0,1;41
2;5,0,0,1,1;15
2;4,1,0,1,1;27
2;3,2,0,1,1;-49
2;2,3,0,1,1;34
2;1,4,0,1,1;-16
2;4,0,1,1,1;39
2;3,1,1,1,1;-48
2;2,2,1,1,1;-24
2;1,3,1,1,1;-2
2;3,0,2,1,1;35
2;2,1,2,1,1;48
2;4,0,0,2,1;9
2;3,1,0,2,1;26
2;2,2,0,2,1;30
2;1,3,0,2,1;22
2;3,0,1,2,1;-21
2;2,1,1,2,1;32
2;3,0,0,3,1;41
2;2,1,0,3,1;45
2;5,0,0,0,2;17
2;4,1,0,0,2;23
2;3,2,0,0,2;6
2;2,3,0,0,2;-20
2;1,4,0,0,2;-21
2;4,0,1,0,2;-1
2;3,1,1,0,2;37
2;2,2,1,0,2;29
2;1,3,1,0,2;47
2;3,0,2,0,2;-23
2;2,1,2,0,2;19
2;4,0,0,1,2;37
2;3,1,0,1,2;44
2;2,2,0,1,2;2
2;1,3,0,1,2;-29
2;3,0,1,1,2;22
2;2,1,1,1,2;11
2;3,0,0,2,2;33
2;2,1,0,2,2;-18
2;4,0,0,0,3;-8
2;3,1,0,0,3;-2
2;2,2,0,0,3;37
2;3,0,1,0,3;-29
2;3,0,0,1,3;-18
2;6,0,0,0,0;37
2;5,1,0,0,0;7
2;4,2,0,0,0;-19
2;3,3,0,0,0;-28
2;2,4,0,0,0;-23
2;1,5,0,0,0;-17
2;0,6,0,0,0;-35
2;5,0,1,0,0;5
2;4,1,1,0,0;39
2;3,2,1,0,0;-4
2;2,3,1,0,0;23
2;1,4,1,0,0;15
2;0,5,1,0,0;-45
2;4,0,2,0,0;29
2;3,1,2,0,0;-26
2;2,2,2,0,0;-49
2;1,3,2,0,0;-6
2;0,4,2,0,0;-24
2;3,0,3,0,0;-11
2;2,1,3,0,0;48
2;1,2,3,0,0;-17
2;0,3,3,0,0;46
2;2,0,4,0,0;2
2;1,1,4,0,0;16
2;0,2,4,0,0;25
2;1,0,5,0,0;-21
2;5,0,0,1,0;-34
2;4,1,0,1,0;-15
2;3,2,0,1,0;-9
2;2,3,0,1,0;-8
2;1,4,0,1,0;-16
2;4,0,1,1,0;-30
2;3,1,1,1,0;-43
2;2,2,1,1,0;-44
2;1,3,1,1,0;23
2;0,4,1,1,0;23
2;3,0,2,1,0;-19
2;2,1,2,1,0;-43
2;1,2,2,1,0;-10
2;0,3,2,1,0;15
2;2,0,3,1,0;1
2;1,1,3,1,0;18
2;0,2,3,1,0;-34
2;1,0,4,1,0;39
2;4,0,0,2,0;-14
2;3,1,0,2,0;-21
2;2,2,0,2,0;-33
2;1,3,0,2,0;27
2;0,4,0,2,0;43
2;2,1,1,2,0;-17
2;1,2,1,2,0;-13
2;0,3,1,2,0;7
2;2,0,2,2,0;23
2;1,1,2,2,0;-42
2;0,2,2,2,0;17
2;1,0,3,2,0;-21
2;3,0,0,3,0;-13
2;2,1,0,3,0;30
2;1,2,0,3,0;50
2;0,3,0,3,0;-27
2;2,0,1,3,0;13
2;1,1,1,3,0;24
2;0,2,1,3,0;27
2;1,0,2,3,0;-49
2;2,0,0,4,0;1
2;1,1,0,4,0;-11
2;0,2,0,4,0;44
2;1,0,1,4,0;-12
2;1,0,0,5,0;16
2;5,0,0,0,1;48
2;4,1,0,0,1;8
2;3,2,0,0,1;5
2;2,3,0,0,1;-5
2;1,4,0,0,1;-4
2;0,5,0,0,1;-13
2;4,0,1,0,1;-45
2;3,1,1,0,1;-50
2;2,2,1,0,1;6
2;1,3,1,0,1;-45
2;0,4,1,0,1;46
2;3,0,2,0,1;45
2;2,1,2,0,1;-30
2;1,2,2,0,1;-46
2;0,3,2,0,1;-2
2;2,0,3,0,1;-49
2;1,1,3,0,1;-47
2;0,2,3,0,1;-3
2;1,0,4,0,1;-50
2;4,0,0,1,1;-34
2;3,1,0,1,1;-5
2;2,2,0,1,1;9
2;1,3,0,1,1;-3
2;0,4,0,1,1;-48
2;3,0,1,1,1;-36
2;2,1,1,1,1;42
2;1,2,1,1,1;37
2;0,3,1,1,1;12
2;2,0,2,1,1;-4
2;1,1,2,1,1;-34
2;1,0,3,1,1;-4
2;3,0,0,2,1;-19
2;2,1,0,2,1;43
2;1,2,0,2,1;-42
2;0,3,0,2,1;42
2;2,0,1,2,1;26
2;1,1,1,2,1;-25
2;0,2,1,2,1;18
2;1,0,2,2,1;20
2;2,0,0,3,1;-24
2;1,1,0,3,1;15
2;0,2,0,3,1;18
2;1,0,1,3,1;26
2;1,0,0,4,1;-21
2;4,0,0,0,2;30
2;3,1,0,0,2;38
2;2,2,0,0,2;15
2;1,3,0,0,2;40
2;0,4,0,0,2;19
2;2,1,1,0,2;10
2;1,2,1,0,2;48
2;0,3,1,0,2;18
2;2,0,2,0,2;40
2;1,1,2,0,2;10
2;0,2,2,0,2;6
2;1,0,3,0,2;-1
2;3,0,0,1,2;43
2;2,1,0,1,2;-3
2;1,2,0,1,2;19
2;0,3,0,1,2;-39
2;2,0,1,1,2;7
2;1,1,1,1,2;-24
2;0,2,1,1,2;-30
2;1,0,2,1,2;13
2;2,0,0,2,2;24
2;1,1,0,2,2;-2
2;0,2,0,2,2;13
2;1,0,1,2,2;-4
2;1,0,0,3,2;-32
2;3,0,0,0,3;-43
2;2,1,0,0,3;12
2;1,2,0,0,3;21
2;0,3,0,0,3;-4
2;2,0,1,0,3;-8
2;1,1,1,0,3;44
2;2,0,0,1,3;5
2;1,1,0,1,3;46
2;2,0,0,0,4;-11
2;5,0,0,0,0;6
2;4,1,0,0,0;-49
2;3,2,0,0,0;34
2;2,3,0,0,0;11
2;1,4,0,0,0;24
2;0,5,0,0,0;-12
2;4,0,1,0,0;36
2;3,1,1,0,0;41
2;2,2,1,0,0;26
2;1,3,1,0,0;30
2;0,4,1,0,0;49
2;3,0,2,0,0;-10
2;2,1,2,0,0;10
2;0,3,2,0,0;-7
2;2,0,3,0,0;28
2;1,1,3,0,0;16
2;0,2,3,0,0;-26
2;1,0,4,0,0;-20
2;0,1,4,0,0;25
2;0,0,5,0,0;-43
2;4,0,0,1,0;-16
2;3,1,0,1,0;28
2;2,2,0,1,0;8
2;1,3,0,1,0;27
2;0,4,0,1,0;34
2;3,0,1,1,0;-37
2;2,1,1,1,0;43
2;1,2,1,1,0;-36
2;0,3,1,1,0;-13
2;2,0,2,1,0;23
2;1,1,2,1,0;49
2;0,2,2,1,0;20
2;1,0,3,1,0;-22
2;0,1,3,1,0;-49
2;0,0,4,1,0;-1
2;3,0,0,2,0;-29
2;2,1,0,2,0;-35
2;1,2,0,2,0;-30
2;0,3,0,2,0;-5
2;2,0,1,2,0;20
2;1,1,1,2,0;-27
2;0,2,1,2,0;-37
2;1,0,2,2,0;45
2;0,1,2,2,0;-18
2;0,0,3,2,0;9
2;2,0,0,3,0;-37
2;1,1,0,3,0;7
2;0,2,0,3,0;-13
2;1,0,1,3,0;-19
2;0,1,1,3,0;7
2;0,0,2,3,0;39
2;1,0,0,4,0;-25
2;0,1,0,4,0;-20
2;0,0,1,4,0;-17
2;0,0,0,5,0;7
2;4,0,0,0,1;-36
2;3,1,0,0,1;11
2;2,2,0,0,1;-43
2;1,3,0,0,1;-45
2;0,4,0,0,1;33
2;3,0,1,0,1;-30
2;2,1,1,0,1;-7
2;1,2,1,0,1;39
2;0,3,1,0,1;5
2;2,0,2,0,1;-25
2;1,1,2,0,1;23
2;0,2,2,0,1;22
2;1,0,3,0,1;41
2;0,1,3,0,1;-47
2;3,0,0,1,1;-20
2;2,1,0,1,1;8
2;1,2,0,1,1;13
2;0,3,0,1,1;2
2;2,0,1,1,1;-45
2;1,1,1,1,1;-36
2;0,2,1,1,1;-41
2;1,0,2,1,1;-20
2;0,1,2,1,1;9
2;0,0,3,1,1;37
2;2,0,0,2,1;26
2;1,1,0,2,1;-39
2;0,2,0,2,1;-12
2;1,0,1,2,1;-11
2;0,1,1,2,1;37
2;0,0,2,2,1;34
2;1,0,0,3,1;-36
2;0,1,0,3,1;6
2;0,0,1,3,1;-35
2;0,0,0,4,1;-10
2;3,0,0,0,2;44
2;2,1,0,0,2;37
2;1,2,0,0,2;37
2;0,3,0,0,2;-8
2;2,0,1,0,2;-12
2;1,1,1,0,2;-6
2;0,2,1,0,2;44
2;1,0,2,0,2;15
2;0,1,2,0,2;9
2;0,0,3,0,2;50
2;2,0,0,1,2;25
2;1,1,0,1,2;-1
2;0,2,0,1,2;18
2;1,0,1,1,2;-30
2;0,1,1,1,2;47
2;0,0,2,1,2;-6
2;1,0,0,2,2;31
2;0,1,0,2,2;-36
2;0,0,1,2,2;31
2;0,0,0,3,2;41
2;2,0,0,0,3;9
2;1,1,0,0,3;-13
2;0,2,0,0,3;8
2;1,0,1,0,3;-3
2;0,1,1,0,3;-6
2;0,0,2,0,3;-26
2;1,0,0,1,3;15
2;0,1,0,1,3;26
2;0,0,1,1,3;17
2;0,0,0,2,3;43
2;1,0,0,0,4;48
2;0,1,0,0,4;-27
2;4,0,0,0,0;-17
2;3,1,0,0,0;-5
2;2,2,0,0,0;-23
2;1,3,0,0,0;-12
2;0,4,0,0,0;-7
2;3,0,1,0,0;11
2;2,1,1,0,0;-45
2;1,2,1,0,0;-20
2;0,3,1,0,0;41
2;2,0,2,0,0;-23
2;1,1,2,0,0;36
2;0,2,2,0,0;-6
2;1,0,3,0,0;-29
2;0,1,3,0,0;31
2;0,0,4,0,0;-1
2;3,0,0,1,0;-2
2;2,1,0,1,0;43
2;1,2,0,1,0;-23
2;0,3,0,1,0;47
2;2,0,1,1,0;6
2;1,1,1,1,0;-28
2;0,2,1,1,0;25
2;1,0,2,1,0;43
2;0,1,2,1,0;-11
2;0,0,3,1,0;-26
2;2,0,0,2,0;10
2;1,1,0,2,0;28
2;0,2,0,2,0;-38
2;1,0,1,2,0;-11
2;0,1,1,2,0;37
2;0,0,2,2,0;19
2;1,0,0,3,0;-24
2;0,1,0,3,0;-28
2;0,0,1,3,0;-17
2;0,0,0,4,0;39
2;3,0,0,0,1;-46
2;2,1,0,0,1;36
2;1,2,0,0,1;-28
2;0,3,0,0,1;-48
2;2,0,1,0,1;49
2;1,1,1,0,1;-11
2;0,2,1,0,1;49
2;1,0,2,0,1;38
2;0,1,2,0,1;22
2;0,0,3,0,1;-23
2;2,0,0,1,1;18
2;1,1,0,1,1;3
2;0,2,0,1,1;-24
2;1,0,1,1,1;-30
2;0,1,1,1,1;-20
2;0,0,2,1,1;15
2;1,0,0,2,1;-50
2;0,1,0,2,1;-36
2;0,0,1,2,1;37
2;0,0,0,3,1;-44
2;2,0,0,0,2;-13
2;1,1,0,0,2;2
2;0,2,0,0,2;-16
2;1,0,1,0,2;34
2;0,1,1,0,2;-11
2;0,0,2,0,2;14
2;1,0,0,1,2;-20
2;0,1,0,1,2;4
2;0,0,1,1,2;-46
2;0,0,0,2,2;-37
2;1,0,0,0,3;38
2;0,1,0,0,3;-13
2;0,0,1,0,3;6
2;0,0,0,1,3;35
2;0,0,0,0,4;-36
2;3,0,0,0,0;49
2;2,1,0,0,0;15
2;1,2,0,0,0;28
2;0,3,0,0,0;48
2;2,0,1,0,0;39
2;1,1,1,0,0;14
2;0,2,1,0,0;32
2;1,0,2,0,0;-48
2;0,1,2,0,0;50
2;0,0,3,0,0;-35
2;2,0,0,1,0;43
2;1,1,0,1,0;9
2;0,2,0,1,0;-8
2;0,1,1,1,0;-48
2;0,0,2,1,0;-39
2;1,0,0,2,0;12
2;0,1,0,2,0;-21
2;0,0,1,2,0;-46
2;0,0,0,3,0;27
2;2,0,0,0,1;25
2;1,1,0,0,1;30
2;0,2,0,0,1;33
2;1,0,1,0,1;43
2;0,1,1,0,1;13
2;0,0,2,0,1;-36
2;0,1,0,1,1;-7
2;0,0,1,1,1;5
2;0,0,0,2,1;-34
2;1,0,0,0,2;-26
2;0,1,0,0,2;36
2;0,0,1,0,2;32
2;0,0,0,1,2;41
2;0,0,0,0,3;7
2;2,0,0,0,0;-21
2;1,1,0,0,0;21
2;0,2,0,0,0;2
2;1,0,1,0,0;13
2;0,1,1,0,0;-22
2;0,0,2,0,0;-9
2;1,0,0,1,0;-11
2;0,1,0,1,0;-33
2;0,0,1,1,0;37
2;0,0,0,2,0;-43
2;1,0,0,0,1;-17
2;0,1,0,0,1;13
2;0,0,1,0,1;-15
2;0,0,0,1,1;-41
2;0,0,0,0,2;-36
2;1,0,0,0,0;-6
2;0,1,0,0,0;11
2;0,0,1,0,0;40
2;0,0,0,1,0;-45
2;0,0,0,0,1;14
2;0,0,0,0,0;-43
3;9,0,0,0,0;38
3;8,1,0,0,0;12
3;7,2,0,0,0;46
3;6,3,0,0,0;49
3;5,4,0,0,0;49
3;8,0,1,0,0;10
3;7,1,1,0,0;10
3;6,2,1,0,0;9
3;5,3,1,0,0;-46
3;7,0,2,0,0;22
3;6,1,2,0,0;47
3;5,2,2,0,0;-49
3;6,0,3,0,0;19
3;5,1,3,0,0;-41
3;8,0,0,1,0;-48
3;7,1,0,1,0;-29
3;6,2,0,1,0;27
3;5,3,0,1,0;-5
3;7,0,1,1,0;44
3;6,1,1,1,0;-2
3;5,2,1,1,0;30
3;6,0,2,1,0;-42
3;5,1,2,1,0;26
3;7,0,0,2,0;32
3;6,1,0,2,0;-17
3;5,2,0,2,0;-9
3;6,0,1,2,0;5
3;5,1,1,2,0;-7
3;6,0,0,3,0;2
3;5,1,0,3,0;-6
3;8,0,0,0,1;1
3;7,1,0,0,1;-24
3;6,2,0,0,1;29
3;5,3,0,0,1;1
3;7,0,1,0,1;-29
3;6,1,1,0,1;2
3;5,2,1,0,1;38
3;6,0,2,0,1;38
3;5,1,2,0,1;13
3;7,0,0,1,1;-13
3;6,1,0,1,1;16
3;5,2,0,1,1;13
3;6,0,1,1,1;-46
3;5,1,1,1,1;-42
3;6,0,0,2,1;-27
3;5,1,0,2,1;-30
3;7,0,0,0,2;16
3;6,1,0,0,2;49
3;5,2,0,0,2;-17
3;6,0,1,0,2;-27
3;5,1,1,0,2;-26
3;6,0,0,1,2;-47
3;5,1,0,1,2;12
3;6,0,0,0,3;-22
3;8,0,0,0,0;-18
3;7,1,0,0,0;-33
3;6,2,0,0,0;32
3;5,3,0,0,0;2
3;4,4,0,0,0;-7
3;3,5,0,0,0;-40
3;7,0,1,0,0;-14
3;6,1,1,0,0;46
3;5,2,1,0,0;38
3;4,3,1,0,0;16
3;3,4,1,0,0;2
3;6,0,2,0,0;-41
3;5,1,2,0,0;-40
3;4,2,2,0,0;43
3;3,3,2,0,0;50
3;5,0,3,0,0;29
3;4,1,3,0,0;-30
3;3,2,3,0,0;-27
3;4,0,4,0,0;43
3;7,0,0,1,0;45
3;6,1,0,1,0;-36
3;5,2,0,1,0;-10
3;4,3,0,1,0;17
3;3,4,0,1,0;-39
3;6,0,1,1,0;14
3;5,1,1,1,0;-33
3;4,2,1,1,0;-6
3;3,3,1,1,0;-22
3;5,0,2,1,0;-35
3;4,1,2,1,0;-21
3;3,2,2,1,0;18
3;4,0,3,1,0;46
3;6,0,0,2,0;19
3;5,1,0,2,0;41
3;4,2,0,2,0;-38
3;3,3,0,2,0;19
3;5,0,1,2,0;21
3;4,1,1,2,0;36
3;3,2,1,2,0;-36
3;4,0,2,2,0;-1
3;5,0,0,3,0;-49
3;4,1,0,3,0;-20
3;3,2,0,3,0;46
3;4,0,1,3,0;17
3;4,0,0,4,0;22
3;7,0,0,0,1;43
3;6,1,0,0,1;-29
3;5,2,0,0,1;38
3;4,3,0,0,1;20
3;3,4,0,0,1;-36
3;6,0,1,0,1;26
3;5,1,1,0,1;-11
3;4,2,1,0,1;-18
3;3,3,1,0,1;46
3;5,0,2,0,1;-36
3;4,1,2,0,1;27
3;3,2,2,0,1;-21
3;4,0,3,0,1;11
3;6,0,0,1,1;50
3;5,1,0,1,1;-36
3;4,2,0,1,1;21
3;3,3,0,1,1;7
3;5,0,1,1,1;-23
3;4,1,1,1,1;-39
3;3,2,1,1,1;42
3;4,0,2,1,1;-35
3;5,0,0,2,1;-18
3;4,1,0,2,1;-44
3;3,2,0,2,1;28
3;4,0,1,2,1;-24
3;4,0,0,3,1;9
3;6,0,0,0,2;22
3;5,1,0,0,2;7
3;4,2,0,0,2;-33
3;3,3,0,0,2;42
3;5,0,1,0,2;48
3;4,1,1,0,2;18
3;3,2,1,0,2;42
3;4,0,2,0,2;-22
3;5,0,0,1,2;12
3;4,1,0,1,2;-15
3;3,2,0,1,2;9
3;4,0,1,1,2;-22
3;4,0,0,2,2;-44
3;5,0,0,0,3;-7
3;4,1,0,0,3;48
3;7,0,0,0,0;37
3;6,1,0,0,0;9
3;5,2,0,0,0;-7
3;4,3,0,0,0;30
3;3,4,0,0,0;-12
3;2,5,0,0,0;21
3;1,6,0,0,0;33
3;6,0,1,0,0;-49
3;5,1,1,0,0;5
3;4,2,1,0,0;-50
3;3,3,1,0,0;37
3;2,4,1,0,0;-44
3;1,5,1,0,0;6
3;5,0,2,0,0;-15
3;4,1,2,0,0;-48
3;3,2,2,0,0;29
3;2,3,2,0,0;15
3;1,4,2,0,0;37
3;4,0,3,0,0;31
3;3,1,3,0,0;-21
3;2,2,3,0,0;16
3;1,3,3,0,0;41
3;3,0,4,0,0;-18
3;2,1,4,0,0;-38
3;6,0,0,1,0;29
3;5,1,0,1,0;-7
3;4,2,0,1,0;28
3;3,3,0,1,0;10
3;2,4,0,1,0;-2
3;1,5,0,1,0;-34
3;5,0,1,1,0;32
3;4,1,1,1,0;36
3;3,2,1,1,0;-46
3;2,3,1,1,0;32
3;1,4,1,1,0;20
3;4,0,2,1,0;1
3;3,1,2,1,0;-10
3;2,2,2,1,0;50
3;1,3,2,1,0;-18
3;3,0,3,1,0;-10
3;2,1,3,1,0;-15
3;5,0,0,2,0;-27
3;4,1,0,2,0;4
3;3,2,0,2,0;-31
3;2,3,0,2,0;27
3;1,4,0,2,0;12
3;4,0,1,2,0;6
3;3,1,1,2,0;-45
3;2,2,1,2,0;-49
3;1,3,1,2,0;24
3;3,0,2,2,0;17
3;2,1,2,2,0;30
3;4,0,0,3,0;22
3;3,1,0,3,0;2
3;2,2,0,3,0;4
3;1,3,0,3,0;1
3;3,0,1,3,0;-11
3;2,1,1,3,0;-30
3;3,0,0,4,0;-22
3;2,1,0,4,0;27
3;6,0,0,0,1;-34
3;5,1,0,0,1;-10
3;4,2,0,0,1;-9
3;3,3,0,0,1;-50
3;2,4,0,0,1;-28
3;1,5,0,0,1;-32
3;5,0,1,0,1;2
3;4,1,1,0,1;29
3;3,2,1,0,1;-7
3;2,3,1,0,1;35
3;1,4,1,0,1;19
3;4,0,2,0,1;-9
3;3,1,2,0,1;-33
3;2,2,2,0,1;-24
3;1,3,2,0,1;-13
3;3,0,3,0,1;36
3;2,1,3,0,1;49
3;5,0,0,1,1;-29
3;4,1,0,1,1;-50
3;3,2,0,1,1;3
3;2,3,0,1,1;32
3;1,4,0,1,1;29
3;4,0,1,1,1;29
3;3,1,1,1,1;-15
3;2,2,1,1,1;46
3;1,3,1,1,1;37
3;3,0,2,1,1;-11
3;2,1,2,1,1;24
3;4,0,0,2,1;31
3;3,1,0,2,1;-16
3;2,2,0,2,1;20
3;1,3,0,2,1;5
3;3,0,1,2,1;8
3;2,1,1,2,1;33
3;3,0,0,3,1;-43
3;2,1,0,3,1;34
3;5,0,0,0,2;-48
3;4,1,0,0,2;4
3;3,2,0,0,2;-28
3;2,3,0,0,2;7
3;1,4,0,0,2;22
3;4,0,1,0,2;3
3;3,1,1,0,2;-3
3;2,2,1,0,2;-22
3;1,3,1,0,2;26
3;3,0,2,0,2;35
3;2,1,2,0,2;3
3;4,0,0,1,2;45
3;3,1,0,1,2;-28
3;2,2,0,1,2;-29
3;1,3,0,1,2;-2
3;3,0,1,1,2;11
3;2,1,1,1,2;38
3;3,0,0,2,2;-30
3;2,1,0,2,2;47
3;4,0,0,0,3;27
3;3,1,0,0,3;44
3;2,2,0,0,3;8
3;3,0,1,0,3;8
3;3,0,0,1,3;-31
3;6,0,0,0,0;-20
3;5,1,0,0,0;-23
3;4,2,0,0,0;-6
3;3,3,0,0,0;-23
3;2,4,0,0,0;-32
3;1,5,0,0,0;-13
3;0,6,0,0,0;-10
3;5,0,1,0,0;-45
3;4,1,1,0,0;-21
3;3,2,1,0,0;-40
3;2,3,1,0,0;28
3;1,4,1,0,0;50
3;0,5,1,0,0;-24
3;4,0,2,0,0;31
3;3,1,2,0,0;-38
3;2,2,2,0,0;41
3;1,3,2,0,0;-2
3;0,4,2,0,0;41
3;3,0,3,0,0;9
3;2,1,3,0,0;-4
3;1,2,3,0,0;-50
3;0,3,3,0,0;5
3;2,0,4,0,0;12
3;1,1,4,0,0;-37
3;0,2,4,0,0;30
3;1,0,5,0,0;-21
3;5,0,0,1,0;24
3;4,1,0,1,0;-46
3;3,2,0,1,0;26
3;2,3,0,1,0;50
3;1,4,0,1,0;-3
3;0,5,0,1,0;-43
3;4,0,1,1,0;34
3;3,1,1,1,0;25
3;2,2,1,1,0;9
3;1,3,1,1,0;28
3;0,4,1,1,0;-2
3;3,0,2,1,0;-49
3;2,1,2,1,0;19
3;1,2,2,1,0;30
3;0,3,2,1,0;43
3;2,0,3,1,0;-41
3;1,1,3,1,0;40
3;0,2,3,1,0;20
3;1,0,4,1,0;9
3;4,0,0,2,0;14
3;3,1,0,2,0;45
3;2,2,0,2,0;-44
3;1,3,0,2,0;35
3;0,4,0,2,0;24
3;3,0,1,2,0;23
3;2,1,1,2,0;44
3;1,2,1,2,0;-2
3;2,0,2,2,0;-28
3;1,1,2,2,0;-44
3;0,2,2,2,0;6
3;1,0,3,2,0;-39
3;3,0,0,3,0;34
3;2,1,0,3,0;-42
3;0,3,0,3,0;50
3;2,0,1,3,0;26
3;0,2,1,3,0;-33
3;1,0,2,3,0;-48
3;2,0,0,4,0;-17
3;1,1,0,4,0;6
3;0,2,0,4,0;-14
3;1,0,1,4,0;-47
3;1,0,0,5,0;-38
3;5,0,0,0,1;-43
3;4,1,0,0,1;-37
3;3,2,0,0,1;44
3;2,3,0,0,1;7
3;1,4,0,0,1;19
3;0,5,0,0,1;9
3;4,0,1,0,1;-2
3;3,1,1,0,1;34
3;2,2,1,0,1;-44
3;1,3,1,0,1;12
3;0,4,1,0,1;25
3;3,0,2,0,1;-50
3;2,1,2,0,1;36
3;1,2,2,0,1;-21
3;0,3,2,0,1;-22
3;2,0,3,0,1;41
3;1,1,3,0,1;35
3;0,2,3,0,1;-44
3;1,0,4,0,1;-50
3;4,0,0,1,1;-33
3;3,1,0,1,1;36
3;2,2,0,1,1;-5
3;1,3,0,1,1;-35
3;0,4,0,1,1;20
3;3,0,1,1,1;-15
3;2,1,1,1,1;-17
3;1,2,1,1,1;-26
3;0,3,1,1,1;2
3;2,0,2,1,1;12
3;1,1,2,1,1;25
3;0,2,2,1,1;-38
3;1,0,3,1,1;40
3;3,0,0,2,1;-21
3;2,1,0,2,1;10
3;1,2,0,2,1;39
3;0,3,0,2,1;-32
3;2,0,1,2,1;16
3;1,1,1,2,1;22
3;0,2,1,2,1;-13
3;1,0,2,2,1;-19
3;2,0,0,3,1;-41
3;1,1,0,3,1;-34
3;0,2,0,3,1;31
3;1,0,1,3,1;-10
3;1,0,0,4,1;12
3;4,0,0,0,2;-45
3;3,1,0,0,2;-36
3;2,2,0,0,2;-19
3;1,3,0,0,2;-25
3;0,4,0,0,2;-10
3;3,0,1,0,2;1
3;2,1,1,0,2;-17
3;1,2,1,0,2;-29
3;0,3,1,0,2;-3
3;2,0,2,0,2;-8
3;1,1,2,0,2;-32
3;0,2,2,0,2;-13
3;1,0,3,0,2;-1
3;3,0,0,1,2;48
3;2,1,0,1,2;-25
3;1,2,0,1,2;-14
3;0,3,0,1,2;1
3;2,0,1,1,2;-26
3;1,1,1,1,2;4
3;0,2,1,1,2;40
3;1,0,2,1,2;26
3;2,0,0,2,2;27
3;1,1,0,2,2;-21
3;0,2,0,2,2;28
3;1,0,1,2,2;9
3;1,0,0,3,2;-25
3;3,0,0,0,3;2
3;2,1,0,0,3;17
3;1,2,0,0,3;-19
3;0,3,0,0,3;-34
3;2,0,1,0,3;-45
3;1,1,1,0,3;42
3;2,0,0,1,3;-14
3;1,1,0,1,3;-6
3;2,0,0,0,4;-30
3;5,0,0,0,0;47
3;4,1,0,0,0;-11
3;3,2,0,0,0;-24
3;2,3,0,0,0;-8
3;1,4,0,0,0;24
3;0,5,0,0,0;42
3;4,0,1,0,0;45
3;3,1,1,0,0;-42
3;2,2,1,0,0;39
3;1,3,1,0,0;-1
3;0,4,1,0,0;45
3;3,0,2,0,0;11
3;2,1,2,0,0;-46
3;1,2,2,0,0;33
3;0,3,2,0,0;-11
3;2,0,3,0,0;38
3;1,1,3,0,0;43
3;0,2,3,0,0;-13
3;1,0,4,0,0;-21
3;0,1,4,0,0;-26
3;0,0,5,0,0;19
3;4,0,0,1,0;-32
3;3,1,0,1,0;27
3;2,2,0,1,0;40
3;1,3,0,1,0;-21
3;0,4,0,1,0;-22
3;3,0,1,1,0;-33
3;2,1,1,1,0;-27
3;1,2,1,1,0;46
3;0,3,1,1,0;-12
3;2,0,2,1,0;24
3;1,1,2,1,0;6
3;0,2,2,1,0;-23
3;1,0,3,1,0;-2
3;0,1,3,1,0;3
3;0,0,4,1,0;-24
3;3,0,0,2,0;-50
3;2,1,0,2,0;8
3;1,2,0,2,0;-17
3;0,3,0,2,0;-29
3;2,0,1,2,0;-30
3;1,1,1,2,0;-23
3;0,2,1,2,0;-43
3;1,0,2,2,0;22
3;0,1,2,2,0;35
3;0,0,3,2,0;44
3;2,0,0,3,0;49
3;1,1,0,3,0;33
3;0,2,0,3,0;17
3;1,0,1,3,0;-26
3;0,1,1,3,0;-42
3;0,0,2,3,0;48
3;1,0,0,4,0;32
3;0,1,0,4,0;-26
3;0,0,1,4,0;37
3;0,0,0,5,0;17
3;4,0,0,0,1;43
3;3,1,0,0,1;-42
3;2,2,0,0,1;34
3;1,3,0,0,1;-32
3;0,4,0,0,1;-22
3;3,0,1,0,1;5
3;2,1,1,0,1;38
3;1,2,1,0,1;11
3;0,3,1,0,1;-17
3;2,0,2,0,1;4
3;1,1,2,0,1;-11
3;0,2,2,0,1;-19
3;1,0,3,0,1;44
3;0,1,3,0,1;30
3;0,0,4,0,1;-21
3;3,0,0,1,1;19
3;2,1,0,1,1;-41
3;1,2,0,1,1;-12
3;0,3,0,1,1;-44
3;2,0,1,1,1;-28
3;1,1,1,1,1;26
3;0,2,1,1,1;-50
3;1,0,2,1,1;18
3;0,1,2,1,1;-47
3;0,0,3,1,1;-12
3;2,0,0,2,1;5
3;1,1,0,2,1;20
3;0,2,0,2,1;28
3;1,0,1,2,1;29
3;0,1,1,2,1;8
3;0,0,2,2,1;-23
3;1,0,0,3,1;-39
3;0,1,0,3,1;42
3;0,0,1,3,1;-36
3;0,0,0,4,1;22
3;3,0,0,0,2;40
3;2,1,0,0,2;-6
3;1,2,0,0,2;-50
3;0,3,0,0,2;34
3;2,0,1,0,2;-45
3;1,1,1,0,2;-39
3;0,2,1,0,2;40
3;1,0,2,0,2;48
3;0,1,2,0,2;-25
3;0,0,3,0,2;-18
3;2,0,0,1,2;22
3;1,1,0,1,2;-29
3;0,2,0,1,2;31
3;1,0,1,1,2;-8
3;0,1,1,1,2;-17
3;0,0,2,1,2;47
3;1,0,0,2,2;47
3;0,1,0,2,2;34
3;0,0,1,2,2;-44
3;0,0,0,3,2;-43
3;2,0,0,0,3;-12
3;1,1,0,0,3;24
3;0,2,0,0,3;11
3;1,0,1,0,3;-2
3;0,1,1,0,3;-34
3;0,0,2,0,3;12
3;1,0,0,1,3;-8
3;0,1,0,1,3;32
3;0,0,1,1,3;30
3;0,0,0,2,3;-4
3;1,0,0,0,4;-33
3;0,1,0,0,4;-34
3;4,0,0,0,0;-20
3;3,1,0,0,0;8
3;2,2,0,0,0;25
3;1,3,0,0,0;-24
3;0,4,0,0,0;23
3;3,0,1,0,0;-9
3;2,1,1,0,0;-47
3;1,2,1,0,0;-8
3;0,3,1,0,0;-10
3;2,0,2,0,0;-47
3;1,1,2,0,0;2
3;0,2,2,0,0;16
3;1,0,3,0,0;38
3;0,1,3,0,0;40
3;0,0,4,0,0;-12
3;3,0,0,1,0;-10
3;2,1,0,1,0;-22
3;1,2,0,1,0;-23
3;0,3,0,1,0;-23
3;2,0,1,1,0;30
3;1,1,1,1,0;-32
3;0,2,1,1,0;15
3;1,0,2,1,0;19
3;0,1,2,1,0;-30
3;0,0,3,1,0;25
3;2,0,0,2,0;-48
3;1,1,0,2,0;16
3;0,2,0,2,0;21
3;1,0,1,2,0;-4
3;0,1,1,2,0;45
3;0,0,2,2,0;7
3;1,0,0,3,0;3
3;0,1,0,3,0;46
3;0,0,1,3,0;47
3;0,0,0,4,0;48
3;3,0,0,0,1;-8
3;2,1,0,0,1;-6
3;1,2,0,0,1;15
3;0,3,0,0,1;-2
3;2,0,1,0,1;-24
3;1,1,1,0,1;-32
3;0,2,1,0,1;-18
3;1,0,2,0,1;-47
3;0,1,2,0,1;21
3;0,0,3,0,1;-17
3;2,0,0,1,1;-2
3;1,1,0,1,1;43
3;0,2,0,1,1;-8
3;1,0,1,1,1;-8
3;0,1,1,1,1;-44
3;0,0,2,1,1;46
3;1,0,0,2,1;30
3;0,1,0,2,1;22
3;0,0,1,2,1;-39
3;0,0,0,3,1;33
3;2,0,0,0,2;-4
3;1,1,0,0,2;-4
3;0,2,0,0,2;8
3;1,0,1,0,2;-32
3;0,1,1,0,2;32
3;0,0,2,0,2;41
3;1,0,0,1,2;-31
3;0,1,0,1,2;14
3;0,0,1,1,2;11
3;0,0,0,2,2;33
3;1,0,0,0,3;19
3;0,1,0,0,3;-3
3;0,0,1,0,3;-8
3;0,0,0,1,3;-10
3;0,0,0,0,4;-11
3;3,0,0,0,0;-40
3;2,1,0,0,0;40
3;1,2,0,0,0;47
3;0,3,0,0,0;-35
3;2,0,1,0,0;1
3;1,1,1,0,0;14
3;0,2,1,0,0;-24
3;1,0,2,0,0;-20
3;0,1,2,0,0;-19
3;0,0,3,0,0;6
3;2,0,0,1,0;-37
3;1,1,0,1,0;15
3;0,2,0,1,0;31
3;1,0,1,1,0;18
3;0,1,1,1,0;49
3;0,0,2,1,0;-6
3;1,0,0,2,0;38
3;0,1,0,2,0;-1
3;0,0,1,2,0;49
3;0,0,0,3,0;-32
3;2,0,0,0,1;10
3;1,1,0,0,1;40
3;0,2,0,0,1;-16
3;1,0,1,0,1;-19
3;0,1,1,0,1;-31
3;0,0,2,0,1;35
3;1,0,0,1,1;-20
3;0,1,0,1,1;11
3;0,0,1,1,1;16
3;0,0,0,2,1;-34
3;1,0,0,0,2;13
3;0,1,0,0,2;-40
3;0,0,1,0,2;19
3;0,0,0,1,2;29
3;0,0,0,0,3;-11
3;2,0,0,0,0;-41
3;1,1,0,0,0;-9
3;0,2,0,0,0;23
3;1,0,1,0,0;48
3;0,1,1,0,0;-37
3;0,0,2,0,0;50
3;1,0,0,1,0;22
3;0,1,0,1,0;50
3;0,0,1,1,0;40
3;0,0,0,2,0;-29
3;1,0,0,0,1;-33
3;0,1,0,0,1;26
3;0,0,1,0,1;-2
3;0,0,0,1,1;-11
3;0,0,0,0,2;34
3;1,0,0,0,0;-46
3;0,1,0,0,0;34
3;0,0,1,0,0;-5
3;0,0,0,1,0;-7
3;0,0,0,0,1;15
3;0,0,0,0,0;-4
4;8,0,0,0,0;-36
4;7,1,0,0,0;-22
4;6,2,0,0,0;-17
4;5,3,0,0,0;28
4;4,4,0,0,0;28
4;7,0,1,0,0;49
4;6,1,1,0,0;49
4;5,2,1,0,0;34
4;4,3,1,0,0;17
4;6,0,2,0,0;27
4;5,1,2,0,0;-2
4;4,2,2,0,0;-28
4;5,0,3,0,0;-18
4;4,1,3,0,0;-9
4;7,0,0,1,0;-13
4;6,1,0,1,0;-31
4;5,2,0,1,0;1
4;4,3,0,1,0;26
4;6,0,1,1,0;-47
4;5,1,1,1,0;-30
4;4,2,1,1,0;46
4;5,0,2,1,0;-24
4;4,1,2,1,0;-14
4;6,0,0,2,0;-25
4;5,1,0,2,0;48
4;4,2,0,2,0;-34
4;5,0,1,2,0;-26
4;4,1,1,2,0;-4
4;5,0,0,3,0;30
4;4,1,0,3,0;11
4;7,0,0,0,1;15
4;6,1,0,0,1;44
4;5,2,0,0,1;31
4;4,3,0,0,1;15
4;6,0,1,0,1;-31
4;5,1,1,0,1;30
4;4,2,1,0,1;-36
4;5,0,2,0,1;-36
4;4,1,2,0,1;-7
4;6,0,0,1,1;7
4;5,1,0,1,1;38
4;4,2,0,1,1;-7
4;5,0,1,1,1;17
4;4,1,1,1,1;-24
4;5,0,0,2,1;-1
4;4,1,0,2,1;-46
4;6,0,0,0,2;38
4;5,1,0,0,2;28
4;4,2,0,0,2;48
4;5,0,1,0,2;-1
4;4,1,1,0,2;14
4;5,0,0,1,2;2
4;4,1,0,1,2;-22
4;5,0,0,0,3;-27
4;7,0,0,0,0;37
4;6,1,0,0,0;49
4;5,2,0,0,0;19
4;4,3,0,0,0;34
4;3,4,0,0,0;-6
4;2,5,0,0,0;-9
4;6,0,1,0,0;10
4;5,1,1,0,0;37
4;4,2,1,0,0;6
4;3,3,1,0,0;-19
4;2,4,1,0,0;-22
4;5,0,2,0,0;35
4;4,1,2,0,0;48
4;2,3,2,0,0;16
4;4,0,3,0,0;-2
4;3,1,3,0,0;-1
4;2,2,3,0,0;-38
4;3,0,4,0,0;-32
4;6,0,0,1,0;45
4;5,1,0,1,0;13
4;4,2,0,1,0;-48
4;3,3,0,1,0;-47
4;2,4,0,1,0;45
4;5,0,1,1,0;8
4;4,1,1,1,0;-20
4;3,2,1,1,0;32
4;2,3,1,1,0;-6
4;4,0,2,1,0;-33
4;3,1,2,1,0;-1
4;2,2,2,1,0;-43
4;3,0,3,1,0;-39
4;5,0,0,2,0;-3
4;4,1,0,2,0;-21
4;3,2,0,2,0;39
4;2,3,0,2,0;-16
4;4,0,1,2,0;-19
4;3,1,1,2,0;-36
4;2,2,1,2,0;44
4;3,0,2,2,0;-30
4;4,0,0,3,0;5
4;3,1,0,3,0;-49
4;2,2,0,3,0;49
4;3,0,1,3,0;24
4;3,0,0,4,0;24
4;6,0,0,0,1;-45
4;5,1,0,0,1;17
4;4,2,0,0,1;-9
4;3,3,0,0,1;-43
4;2,4,0,0,1;50
4;5,0,1,0,1;-47
4;4,1,1,0,1;-27
4;3,2,1,0,1;-10
4;2,3,1,0,1;40
4;4,0,2,0,1;-30
4;3,1,2,0,1;4
4;2,2,2,0,1;49
4;3,0,3,0,1;20
4;5,0,0,1,1;44
4;4,1,0,1,1;-18
4;3,2,0,1,1;13
4;2,3,0,1,1;-5
4;4,0,1,1,1;-41
4;3,1,1,1,1;-5
4;2,2,1,1,1;-9
4;3,0,2,1,1;44
4;4,0,0,2,1;-39
4;3,1,0,2,1;-11
4;2,2,0,2,1;43
4;3,0,1,2,1;47
4;3,0,0,3,1;19
4;5,0,0,0,2;-44
4;4,1,0,0,2;11
4;3,2,0,0,2;45
4;2,3,0,0,2;-42
4;4,0,1,0,2;-37
4;3,1,1,0,2;-10
4;2,2,1,0,2;3
4;3,0,2,0,2;-40
4;4,0,0,1,2;43
4;3,1,0,1,2;16
4;2,2,0,1,2;3
4;3,0,1,1,2;11
4;3,0,0,2,2;-48
4;4,0,0,0,3;36
4;3,1,0,0,3;35
4;6,0,0,0,0;38
4;5,1,0,0,0;1
4;4,2,0,0,0;38
4;3,3,0,0,0;-24
4;2,4,0,0,0;38
4;1,5,0,0,0;-39
4;0,6,0,0,0;2
4;5,0,1,0,0;-3
4;4,1,1,0,0;25
4;3,2,1,0,0;-31
4;2,3,1,0,0;32
4;1,4,1,0,0;28
4;0,5,1,0,0;20
4;4,0,2,0,0;-4
4;3,1,2,0,0;-10
4;2,2,2,0,0;-14
4;1,3,2,0,0;-6
4;0,4,2,0,0;-1
4;3,0,3,0,0;-23
4;2,1,3,0,0;35
4;1,2,3,0,0;-6
4;0,3,3,0,0;29
4;2,0,4,0,0;-24
4;1,1,4,0,0;-15
4;5,0,0,1,0;-8
4;4,1,0,1,0;-39
4;3,2,0,1,0;-46
4;2,3,0,1,0;34
4;1,4,0,1,0;10
4;0,5,0,1,0;-18
4;4,0,1,1,0;-9
4;3,1,1,1,0;49
4;2,2,1,1,0;-33
4;1,3,1,1,0;-7
4;0,4,1,1,0;-25
4;3,0,2,1,0;17
4;2,1,2,1,0;4
4;1,2,2,1,0;-22
4;0,3,2,1,0;29
4;2,0,3,1,0;-28
4;1,1,3,1,0;-29
4;4,0,0,2,0;-40
4;3,1,0,2,0;25
4;2,2,0,2,0;27
4;1,3,0,2,0;-48
4;0,4,0,2,0;-16
4;3,0,1,2,0;-18
4;2,1,1,2,0;21
4;1,2,1,2,0;-37
4;0,3,1,2,0;-48
4;2,0,2,2,0;42
4;1,1,2,2,0;-50
4;3,0,0,3,0;-41
4;2,1,0,3,0;16
4;1,2,0,3,0;-39
4;0,3,0,3,0;-38
4;2,0,1,3,0;46
4;1,1,1,3,0;-22
4;2,0,0,4,0;-31
4;1,1,0,4,0;-22
4;5,0,0,0,1;37
4;4,1,0,0,1;12
4;3,2,0,0,1;-30
4;2,3,0,0,1;-20
4;1,4,0,0,1;17
4;0,5,0,0,1;-35
4;4,0,1,0,1;22
4;3,1,1,0,1;-50
4;2,2,1,0,1;24
4;1,3,1,0,1;-45
4;0,4,1,0,1;-39
4;3,0,2,0,1;-23
4;2,1,2,0,1;-21
4;1,2,2,0,1;-41
4;0,3,2,0,1;45
4;2,0,3,0,1;42
4;1,1,3,0,1;22
4;4,0,0,1,1;25
4;2,2,0,1,1;-31
4;1,3,0,1,1;-48
4;0,4,0,1,1;-35
4;3,0,1,1,1;28
4;2,1,1,1,1;-8
4;1,2,1,1,1;-7
4;0,3,1,1,1;-15
4;2,0,2,1,1;-49
4;1,1,2,1,1;-7
4;3,0,0,2,1;9
4;2,1,0,2,1;-41
4;1,2,0,2,1;4
4;0,3,0,2,1;12
4;2,0,1,2,1;-41
4;1,1,1,2,1;-1
4;2,0,0,3,1;-31
4;1,1,0,3,1;-9
4;4,0,0,0,2;34
4;3,1,0,0,2;9
4;2,2,0,0,2;-26
4;1,3,0,0,2;34
4;0,4,0,0,2;40
4;3,0,1,0,2;-3
4;2,1,1,0,2;-27
4;1,2,1,0,2;-2
4;0,3,1,0,2;11
4;2,0,2,0,2;26
4;1,1,2,0,2;-44
4;3,0,0,1,2;-28
4;2,1,0,1,2;46
4;1,2,0,1,2;-39
4;0,3,0,1,2;-25
4;2,0,1,1,2;-35
4;1,1,1,1,2;32
4;2,0,0,2,2;19
4;1,1,0,2,2;44
4;3,0,0,0,3;-39
4;2,1,0,0,3;-26
4;1,2,0,0,3;33
4;2,0,1,0,3;31
4;2,0,0,1,3;3
4;5,0,0,0,0;-32
4;4,1,0,0,0;6
4;3,2,0,0,0;-26
4;2,3,0,0,0;50
4;1,4,0,0,0;-9
4;0,5,0,0,0;36
4;4,0,1,0,0;25
4;3,1,1,0,0;-11
4;2,2,1,0,0;-13
4;1,3,1,0,0;-30
4;0,4,1,0,0;3
4;3,0,2,0,0;-20
4;2,1,2,0,0;-21
4;1,2,2,0,0;-48
4;0,3,2,0,0;43
4;2,0,3,0,0;-28
4;1,1,3,0,0;39
4;0,2,3,0,0;31
4;1,0,4,0,0;-1
4;0,1,4,0,0;44
4;0,0,5,0,0;-12
4;4,0,0,1,0;-40
4;3,1,0,1,0;-4
4;2,2,0,1,0;43
4;1,3,0,1,0;-10
4;0,4,0,1,0;48
4;3,0,1,1,0;7
4;2,1,1,1,0;-48
4;1,2,1,1,0;27
4;0,3,1,1,0;26
4;2,0,2,1,0;25
4;1,1,2,1,0;3
4;0,2,2,1,0;10
4;1,0,3,1,0;22
4;0,1,3,1,0;-31
4;0,0,4,1,0;-14
4;3,0,0,2,0;27
4;2,1,0,2,0;42
4;1,2,0,2,0;1
4;0,3,0,2,0;-12
4;2,0,1,2,0;-23
4;1,1,1,2,0;-46
4;0,2,1,2,0;-33
4;1,0,2,2,0;-1
4;0,1,2,2,0;22
4;0,0,3,2,0;12
4;2,0,0,3,0;-7
4;1,1,0,3,0;-9
4;0,2,0,3,0;-39
4;1,0,1,3,0;36
4;0,1,1,3,0;-1
4;0,0,2,3,0;4
4;1,0,0,4,0;24
4;0,1,0,4,0;30
4;0,0,1,4,0;-35
4;0,0,0,5,0;-17
4;4,0,0,0,1;-9
4;3,1,0,0,1;-46
4;2,2,0,0,1;-7
4;1,3,0,0,1;26
4;0,4,0,0,1;-33
4;3,0,1,0,1;8
4;2,1,1,0,1;-41
4;1,2,1,0,1;-41
4;0,3,1,0,1;-6
4;2,0,2,0,1;25
4;1,1,2,0,1;39
4;0,2,2,0,1;-33
4;1,0,3,0,1;-33
4;0,1,3,0,1;18
4;0,0,4,0,1;-43
4;3,0,0,1,1;19
4;2,1,0,1,1;-29
4;1,2,0,1,1;10
4;0,3,0,1,1;8
4;2,0,1,1,1;-36
4;1,1,1,1,1;9
4;0,2,1,1,1;47
4;1,0,2,1,1;-36
4;0,1,2,1,1;-28
4;0,0,3,1,1;24
4;2,0,0,2,1;-34
4;1,1,0,2,1;-23
4;0,2,0,2,1;35
4;1,0,1,2,1;-49
4;0,1,1,2,1;-10
4;0,0,2,2,1;-29
4;1,0,0,3,1;-32
4;0,1,0,3,1;-49
4;0,0,1,3,1;24
4;0,0,0,4,1;16
4;3,0,0,0,2;40
4;2,1,0,0,2;-49
4;1,2,0,0,2;-7
4;0,3,0,0,2;21
4;2,0,1,0,2;16
4;1,1,1,0,2;-33
4;0,2,1,0,2;-43
4;1,0,2,0,2;17
4;0,1,2,0,2;29
4;0,0,3,0,2;-15
4;2,0,0,1,2;5
4;1,1,0,1,2;22
4;0,2,0,1,2;10
4;1,0,1,1,2;13
4;0,1,1,1,2;-8
4;0,0,2,1,2;27
4;1,0,0,2,2;-14
4;0,1,0,2,2;-34
4;0,0,1,2,2;24
4;0,0,0,3,2;34
4;2,0,0,0,3;-11
4;1,1,0,0,3;-8
4;0,2,0,0,3;8
4;1,0,1,0,3;-29
4;0,1,1,0,3;-18
4;1,0,0,1,3;17
4;0,1,0,1,3;-47
4;1,0,0,0,4;34
4;4,0,0,0,0;-16
4;3,1,0,0,0;-28
4;2,2,0,0,0;-27
4;1,3,0,0,0;-19
4;0,4,0,0,0;-29
4;3,0,1,0,0;-1
4;2,1,1,0,0;-27
4;1,2,1,0,0;-10
4;0,3,1,0,0;11
4;2,0,2,0,0;-44
4;1,1,2,0,0;-2
4;0,2,2,0,0;43
4;1,0,3,0,0;7
4;0,1,3,0,0;9
4;0,0,4,0,0;-16
4;3,0,0,1,0;-28
4;2,1,0,1,0;25
4;1,2,0,1,0;50
4;0,3,0,1,0;-29
4;2,0,1,1,0;12
4;1,1,1,1,0;-6
4;0,2,1,1,0;-26
4;1,0,2,1,0;23
4;0,1,2,1,0;-2
4;0,0,3,1,0;-17
4;2,0,0,2,0;-34
4;1,1,0,2,0;-44
4;0,2,0,2,0;33
4;1,0,1,2,0;21
4;0,1,1,2,0;-21
4;0,0,2,2,0;36
4;1,0,0,3,0;13
4;0,1,0,3,0;-48
4;0,0,1,3,0;-48
4;0,0,0,4,0;-1
4;3,0,0,0,1;9
4;2,1,0,0,1;14
4;1,2,0,0,1;18
4;0,3,0,0,1;-28
4;2,0,1,0,1;26
4;1,1,1,0,1;-7
4;0,2,1,0,1;-42
4;1,0,2,0,1;-42
4;0,1,2,0,1;49
4;0,0,3,0,1;40
4;2,0,0,1,1;-23
4;1,1,0,1,1;37
4;0,2,0,1,1;50
4;1,0,1,1,1;-17
4;0,1,1,1,1;37
4;0,0,2,1,1;-49
4;1,0,0,2,1;-42
4;0,1,0,2,1;38
4;0,0,1,2,1;13
4;0,0,0,3,1;-8
4;2,0,0,0,2;-22
4;1,1,0,0,2;17
4;0,2,0,0,2;17
4;1,0,1,0,2;-28
4;0,1,1,0,2;13
4;0,0,2,0,2;36
4;1,0,0,1,2;41
4;0,1,0,1,2;-36
4;0,0,1,1,2;1
4;0,0,0,2,2;23
4;1,0,0,0,3;-46
4;0,1,0,0,3;2
4;0,0,1,0,3;30
4;0,0,0,1,3;26
4;0,0,0,0,4;1
4;3,0,0,0,0;-45
4;2,1,0,0,0;29
4;1,2,0,0,0;24
4;0,3,0,0,0;-31
4;2,0,1,0,0;19
4;1,1,1,0,0;-10
4;0,2,1,0,0;1
4;1,0,2,0,0;42
4;0,1,2,0,0;50
4;0,0,3,0,0;22
4;2,0,0,1,0;-9
4;1,1,0,1,0;27
4;0,2,0,1,0;-13
4;1,0,1,1,0;44
4;0,1,1,1,0;-35
4;0,0,2,1,0;35
4;1,0,0,2,0;-33
4;0,1,0,2,0;47
4;0,0,1,2,0;-40
4;0,0,0,3,0;-27
4;2,0,0,0,1;50
4;1,1,0,0,1;20
4;0,2,0,0,1;-44
4;1,0,1,0,1;-7
4;0,1,1,0,1;-46
4;0,0,2,0,1;-15
4;1,0,0,1,1;27
4;0,1,0,1,1;8
4;0,0,1,1,1;-49
4;0,0,0,2,1;-40
4;1,0,0,0,2;7
4;0,1,0,0,2;18
4;0,0,1,0,2;-13
4;0,0,0,1,2;45
4;0,0,0,0,3;36
4;2,0,0,0,0;41
4;1,1,0,0,0;18
4;0,2,0,0,0;9
4;1,0,1,0,0;-24
4;0,1,1,0,0;-4
4;0,0,2,0,0;8
4;1,0,0,1,0;23
4;0,1,0,1,0;-30
4;0,0,1,1,0;2
4;0,0,0,2,0;49
4;1,0,0,0,1;-6
4;0,1,0,0,1;-10
4;0,0,1,0,1;38
4;0,0,0,1,1;20
4;0,0,0,0,2;48
4;0,1,0,0,0;5
4;0,0,1,0,0;-48
4;0,0,0,1,0;35
4;0,0,0,0,1;1
4;0,0,0,0,0;-2
5;8,0,0,0,0;37
5;7,1,0,0,0;17
5;6,2,0,0,0;-19
5;5,3,0,0,0;-40
5;4,4,0,0,0;-40
5;7,0,1,0,0;31
5;6,1,1,0,0;31
5;5,2,1,0,0;38
5;4,3,1,0,0;19
5;6,0,2,0,0;48
5;5,1,2,0,0;-26
5;4,2,2,0,0;40
5;5,0,3,0,0;-32
5;4,1,3,0,0;-16
5;7,0,0,1,0;33
5;6,1,0,1,0;1
5;5,2,0,1,0;13
5;4,3,0,1,0;35
5;6,0,1,1,0;-5
5;5,1,1,1,0;14
5;4,2,1,1,0;-8
5;5,0,2,1,0;-9
5;4,1,2,1,0;20
5;6,0,0,2,0;-22
5;5,1,0,2,0;18
5;4,2,0,2,0;-38
5;5,0,1,2,0;-35
5;4,1,1,2,0;49
5;5,0,0,3,0;-14
5;4,1,0,3,0;42
5;7,0,0,0,1;-7
5;6,1,0,0,1;-34
5;5,2,0,0,1;-1
5;4,3,0,0,1;-7
5;6,0,1,0,1;1
5;5,1,1,0,1;-14
5;4,2,1,0,1;37
5;5,0,2,0,1;37
5;4,1,2,0,1;10
5;6,0,0,1,1;-10
5;5,1,0,1,1;-11
5;4,2,0,1,1;10
5;5,0,1,1,1;19
5;4,1,1,1,1;-9
5;5,0,0,2,1;-13
5;4,1,0,2,1;8
5;6,0,0,0,2;-11
5;5,1,0,0,2;-40
5;4,2,0,0,2;18
5;5,0,1,0,2;-13
5;4,1,1,0,2;-20
5;5,0,0,1,2;26
5;4,1,0,1,2;17
5;5,0,0,0,3;-48
5;7,0,0,0,0;5
5;6,1,0,0,0;43
5;5,2,0,0,0;13
5;4,3,0,0,0;-27
5;3,4,0,0,0;35
5;2,5,0,0,0;4
5;6,0,1,0,0;-15
5;5,1,1,0,0;16
5;4,2,1,0,0;25
5;3,3,1,0,0;-11
5;2,4,1,0,0;36
5;5,0,2,0,0;-3
5;4,1,2,0,0;-28
5;3,2,2,0,0;19
5;2,3,2,0,0;-38
5;4,0,3,0,0;-31
5;3,1,3,0,0;-15
5;2,2,3,0,0;43
5;3,0,4,0,0;9
5;6,0,0,1,0;1
5;5,1,0,1,0;32
5;4,2,0,1,0;19
5;3,3,0,1,0;9
5;2,4,0,1,0;31
5;5,0,1,1,0;-13
5;4,1,1,1,0;41
5;3,2,1,1,0;36
5;2,3,1,1,0;3
5;4,0,2,1,0;48
5;3,1,2,1,0;-20
5;2,2,2,1,0;-15
5;3,0,3,1,0;24
5;5,0,0,2,0;46
5;4,1,0,2,0;-43
5;3,2,0,2,0;-50
5;2,3,0,2,0;-35
5;4,0,1,2,0;-43
5;3,1,1,2,0;43
5;2,2,1,2,0;-2
5;3,0,2,2,0;31
5;4,0,0,3,0;36
5;3,1,0,3,0;29
5;2,2,0,3,0;-14
5;3,0,1,3,0;36
5;3,0,0,4,0;-32
5;6,0,0,0,1;27
5;5,1,0,0,1;33
5;4,2,0,0,1;-23
5;3,3,0,0,1;4
5;2,4,0,0,1;17
5;5,0,1,0,1;-15
5;4,1,1,0,1;-35
5;3,2,1,0,1;46
5;2,3,1,0,1;27
5;4,0,2,0,1;-50
5;3,1,2,0,1;6
5;2,2,2,0,1;11
5;3,0,3,0,1;7
5;5,0,0,1,1;-50
5;4,1,0,1,1;-27
5;3,2,0,1,1;-16
5;2,3,0,1,1;45
5;4,0,1,1,1;46
5;3,1,1,1,1;-7
5;2,2,1,1,1;41
5;3,0,2,1,1;43
5;4,0,0,2,1;-23
5;3,1,0,2,1;-8
5;2,2,0,2,1;31
5;3,0,1,2,1;8
5;3,0,0,3,1;42
5;5,0,0,0,2;26
5;4,1,0,0,2;44
5;3,2,0,0,2;-30
5;2,3,0,0,2;5
5;4,0,1,0,2;-4
5;3,1,1,0,2;-43
5;2,2,1,0,2;-22
5;3,0,2,0,2;-14
5;4,0,0,1,2;-46
5;3,1,0,1,2;4
5;2,2,0,1,2;28
5;3,0,1,1,2;-16
5;3,0,0,2,2;-37
5;4,0,0,0,3;35
5;3,1,0,0,3;20
5;6,0,0,0,0;-14
5;5,1,0,0,0;-30
5;4,2,0,0,0;-34
5;3,3,0,0,0;-43
5;2,4,0,0,0;-7
5;1,5,0,0,0;43
5;0,6,0,0,0;-1
5;5,0,1,0,0;1
5;4,1,1,0,0;-7
5;3,2,1,0,0;-48
5;2,3,1,0,0;50
5;1,4,1,0,0;-2
5;0,5,1,0,0;5
5;4,0,2,0,0;-8
5;3,1,2,0,0;-14
5;2,2,2,0,0;13
5;1,3,2,0,0;40
5;0,4,2,0,0;-31
5;3,0,3,0,0;23
5;2,1,3,0,0;34
5;1,2,3,0,0;32
5;0,3,3,0,0;-4
5;2,0,4,0,0;-40
5;1,1,4,0,0;34
5;5,0,0,1,0;15
5;4,1,0,1,0;-6
5;3,2,0,1,0;44
5;2,3,0,1,0;41
5;1,4,0,1,0;-9
5;0,5,0,1,0;16
5;4,0,1,1,0;10
5;3,1,1,1,0;26
5;2,2,1,1,0;32
5;1,3,1,1,0;11
5;0,4,1,1,0;-18
5;3,0,2,1,0;13
5;2,1,2,1,0;-44
5;1,2,2,1,0;40
5;0,3,2,1,0;1
5;2,0,3,1,0;31
5;1,1,3,1,0;44
5;4,0,0,2,0;21
5;3,1,0,2,0;42
5;2,2,0,2,0;41
5;1,3,0,2,0;50
5;0,4,0,2,0;15
5;3,0,1,2,0;-11
5;2,1,1,2,0;-36
5;1,2,1,2,0;-5
5;0,3,1,2,0;29
5;2,0,2,2,0;-44
5;1,1,2,2,0;-27
5;3,0,0,3,0;12
5;2,1,0,3,0;-39
5;1,2,0,3,0;5
5;0,3,0,3,0;13
5;2,0,1,3,0;46
5;1,1,1,3,0;-11
5;2,0,0,4,0;-40
5;1,1,0,4,0;-43
5;5,0,0,0,1;43
5;4,1,0,0,1;3
5;3,2,0,0,1;-18
5;2,3,0,0,1;-41
5;1,4,0,0,1;15
5;0,5,0,0,1;39
5;4,0,1,0,1;-29
5;3,1,1,0,1;19
5;2,2,1,0,1;-46
5;1,3,1,0,1;7
5;0,4,1,0,1;-18
5;3,0,2,0,1;36
5;2,1,2,0,1;-47
5;1,2,2,0,1;-41
5;0,3,2,0,1;-48
5;2,0,3,0,1;31
5;1,1,3,0,1;4
5;4,0,0,1,1;27
5;3,1,0,1,1;-9
5;2,2,0,1,1;-28
5;1,3,0,1,1;-24
5;0,4,0,1,1;7
5;3,0,1,1,1;3
5;2,1,1,1,1;-22
5;1,2,1,1,1;-44
5;0,3,1,1,1;-25
5;2,0,2,1,1;40
5;1,1,2,1,1;-16
5;3,0,0,2,1;-5
5;2,1,0,2,1;-30
5;1,2,0,2,1;-24
5;0,3,0,2,1;-36
5;2,0,1,2,1;-44
5;1,1,1,2,1;-21
5;2,0,0,3,1;17
5;1,1,0,3,1;-13
5;4,0,0,0,2;-26
5;3,1,0,0,2;3
5;2,2,0,0,2;1
5;1,3,0,0,2;11
5;0,4,0,0,2;-42
5;3,0,1,0,2;-16
5;2,1,1,0,2;34
5;1,2,1,0,2;-13
5;0,3,1,0,2;-5
5;2,0,2,0,2;23
5;1,1,2,0,2;-8
5;3,0,0,1,2;-20
5;2,1,0,1,2;49
5;1,2,0,1,2;11
5;0,3,0,1,2;-26
5;2,0,1,1,2;37
5;1,1,1,1,2;-29
5;2,0,0,2,2;-41
5;1,1,0,2,2;-15
5;3,0,0,0,3;11
5;2,1,0,0,3;17
5;1,2,0,0,3;-21
5;2,0,1,0,3;45
5;2,0,0,1,3;32
5;5,0,0,0,0;14
5;4,1,0,0,0;21
5;3,2,0,0,0;29
5;2,3,0,0,0;-4
5;1,4,0,0,0;-6
5;0,5,0,0,0;-34
5;4,0,1,0,0;38
5;3,1,1,0,0;14
5;2,2,1,0,0;44
5;1,3,1,0,0;8
5;0,4,1,0,0;-23
5;3,0,2,0,0;36
5;2,1,2,0,0;35
5;1,2,2,0,0;20
5;0,3,2,0,0;49
5;2,0,3,0,0;-29
5;1,1,3,0,0;-29
5;0,2,3,0,0;-47
5;1,0,4,0,0;50
5;0,1,4,0,0;-23
5;0,0,5,0,0;-34
5;4,0,0,1,0;-6
5;3,1,0,1,0;20
5;2,2,0,1,0;-38
5;1,3,0,1,0;-42
5;0,4,0,1,0;12
5;3,0,1,1,0;-49
5;2,1,1,1,0;3
5;1,2,1,1,0;17
5;0,3,1,1,0;28
5;2,0,2,1,0;-45
5;1,1,2,1,0;-24
5;0,2,2,1,0;25
5;1,0,3,1,0;20
5;0,1,3,1,0;-15
5;0,0,4,1,0;13
5;3,0,0,2,0;10
5;2,1,0,2,0;-30
5;1,2,0,2,0;-38
5;0,3,0,2,0;7
5;2,0,1,2,0;9
5;1,1,1,2,0;-26
5;0,2,1,2,0;38
5;1,0,2,2,0;-23
5;0,1,2,2,0;11
5;0,0,3,2,0;5
5;2,0,0,3,0;-25
5;1,1,0,3,0;-22
5;0,2,0,3,0;19
5;1,0,1,3,0;-33
5;0,1,1,3,0;9
5;0,0,2,3,0;11
5;1,0,0,4,0;-42
5;0,1,0,4,0;6
5;0,0,1,4,0;36
5;0,0,0,5,0;-7
5;4,0,0,0,1;15
5;3,1,0,0,1;14
5;2,2,0,0,1;31
5;1,3,0,0,1;8
5;0,4,0,0,1;-18
5;3,0,1,0,1;-16
5;2,1,1,0,1;41
5;1,2,1,0,1;21
5;0,3,1,0,1;29
5;2,0,2,0,1;33
5;1,1,2,0,1;-3
5;0,2,2,0,1;13
5;1,0,3,0,1;-22
5;0,1,3,0,1;-22
5;0,0,4,0,1;-4
5;3,0,0,1,1;-47
5;2,1,0,1,1;29
5;1,2,0,1,1;-29
5;0,3,0,1,1;-37
5;2,0,1,1,1;-44
5;1,1,1,1,1;-36
5;0,2,1,1,1;-22
5;1,0,2,1,1;35
5;0,1,2,1,1;26
5;0,0,3,1,1;-7
5;2,0,0,2,1;-15
5;1,1,0,2,1;12
5;0,2,0,2,1;-33
5;1,0,1,2,1;-33
5;0,1,1,2,1;-24
5;0,0,2,2,1;-44
5;1,0,0,3,1;20
5;0,1,0,3,1;-46
5;0,0,1,3,1;-47
5;0,0,0,4,1;-35
5;3,0,0,0,2;46
5;2,1,0,0,2;15
5;1,2,0,0,2;26
5;0,3,0,0,2;49
5;2,0,1,0,2;-37
5;1,1,1,0,2;-37
5;0,2,1,0,2;-20
5;1,0,2,0,2;-6
5;0,1,2,0,2;-13
5;0,0,3,0,2;8
5;2,0,0,1,2;-47
5;1,1,0,1,2;34
5;0,2,0,1,2;-29
5;1,0,1,1,2;21
5;0,1,1,1,2;-1
5;0,0,2,1,2;-26
5;1,0,0,2,2;-24
5;0,1,0,2,2;-11
5;0,0,1,2,2;16
5;0,0,0,3,2;14
5;2,0,0,0,3;-24
5;1,1,0,0,3;-17
5;0,2,0,0,3;18
5;1,0,1,0,3;-6
5;0,1,1,0,3;-37
5;1,0,0,1,3;11
5;0,1,0,1,3;-27
5;1,0,0,0,4;47
5;4,0,0,0,0;36
5;3,1,0,0,0;3
5;2,2,0,0,0;-19
5;1,3,0,0,0;15
5;0,4,0,0,0;-16
5;3,0,1,0,0;-25
5;2,1,1,0,0;22
5;1,2,1,0,0;45
5;0,3,1,0,0;15
5;2,0,2,0,0;-20
5;1,1,2,0,0;-43
5;0,2,2,0,0;23
5;1,0,3,0,0;30
5;0,1,3,0,0;-38
5;0,0,4,0,0;-24
5;3,0,0,1,0;46
5;2,1,0,1,0;-34
5;1,2,0,1,0;-38
5;0,3,0,1,0;-5
5;2,0,1,1,0;-10
5;1,1,1,1,0;-14
5;0,2,1,1,0;-44
5;1,0,2,1,0;1
5;0,1,2,1,0;32
5;0,0,3,1,0;-39
5;2,0,0,2,0;43
5;1,1,0,2,0;-12
5;0,2,0,2,0;37
5;1,0,1,2,0;3
5;0,1,1,2,0;27
5;0,0,2,2,0;24
5;1,0,0,3,0;-25
5;0,1,0,3,0;-5
5;0,0,1,3,0;11
5;0,0,0,4,0;-3
5;3,0,0,0,1;12
5;2,1,0,0,1;-20
5;1,2,0,0,1;-3
5;0,3,0,0,1;26
5;2,0,1,0,1;39
5;1,1,1,0,1;-40
5;0,2,1,0,1;1
5;1,0,2,0,1;-41
5;0,1,2,0,1;-45
5;0,0,3,0,1;49
5;2,0,0,1,1;26
5;1,1,0,1,1;33
5;0,2,0,1,1;-42
5;1,0,1,1,1;47
5;0,1,1,1,1;22
5;0,0,2,1,1;-23
5;1,0,0,2,1;46
5;0,1,0,2,1;1
5;0,0,1,2,1;46
5;0,0,0,3,1;49
5;2,0,0,0,2;-10
5;1,1,0,0,2;3
5;0,2,0,0,2;44
5;1,0,1,0,2;12
5;0,1,1,0,2;-34
5;0,0,2,0,2;-9
5;1,0,0,1,2;49
5;0,1,0,1,2;30
5;0,0,1,1,2;7
5;0,0,0,2,2;25
5;1,0,0,0,3;13
5;0,1,0,0,3;19
5;0,0,1,0,3;-10
5;0,0,0,1,3;-44
5;0,0,0,0,4;50
5;3,0,0,0,0;-36
5;2,1,0,0,0;16
5;1,2,0,0,0;-14
5;0,3,0,0,0;50
5;2,0,1,0,0;2
5;1,1,1,0,0;-4
5;0,2,1,0,0;1
5;1,0,2,0,0;-6
5;0,1,2,0,0;13
5;0,0,3,0,0;-46
5;2,0,0,1,0;-8
5;1,1,0,1,0;30
5;0,2,0,1,0;8
5;1,0,1,1,0;-46
5;0,0,2,1,0;-48
5;1,0,0,2,0;-36
5;0,1,0,2,0;-37
5;0,0,1,2,0;-13
5;0,0,0,3,0;2
5;2,0,0,0,1;33
5;1,1,0,0,1;-28
5;0,2,0,0,1;40
5;1,0,1,0,1;-37
5;0,1,1,0,1;-22
5;0,0,2,0,1;38
5;1,0,0,1,1;39
5;0,1,0,1,1;32
5;0,0,1,1,1;-21
5;0,0,0,2,1;38
5;1,0,0,0,2;-3
5;0,1,0,0,2;-1
5;0,0,1,0,2;29
5;0,0,0,1,2;31
5;0,0,0,0,3;-10
5;2,0,0,0,0;-43
5;1,1,0,0,0;-30
5;0,2,0,0,0;38
5;1,0,1,0,0;-10
5;0,1,1,0,0;-45
5;0,0,2,0,0;7
5;1,0,0,1,0;38
5;0,1,0,1,0;18
5;0,0,1,1,0;23
5;0,0,0,2,0;-39
5;1,0,0,0,1;-31
5;0,1,0,0,1;-26
5;0,0,1,0,1;30
5;0,0,0,1,1;18
5;0,0,0,0,2;9
5;1,0,0,0,0;-23
5;0,1,0,0,0;-41
5;0,0,1,0,0;9
5;0,0,0,1,0;46
5;0,0,0,0,1;-14
5;0,0,0,0,0;15
6;8,0,0,0,0;48
6;7,1,0,0,0;-38
6;6,2,0,0,0;-11
6;5,3,0,0,0;30
6;4,4,0,0,0;30
6;7,0,1,0,0;2
6;6,1,1,0,0;2
6;5,2,1,0,0;22
6;4,3,1,0,0;11
6;6,0,2,0,0;-36
6;5,1,2,0,0;-31
6;4,2,2,0,0;-30
6;5,0,3,0,0;24
6;4,1,3,0,0;12
6;7,0,0,1,0;-50
6;6,1,0,1,0;-26
6;5,2,0,1,0;-35
6;4,3,0,1,0;-1
6;6,0,1,1,0;29
6;5,1,1,1,0;40
6;4,2,1,1,0;6
6;5,0,2,1,0;32
6;4,1,2,1,0;-15
6;6,0,0,2,0;-34
6;5,1,0,2,0;37
6;4,2,0,2,0;-22
6;5,0,1,2,0;1
6;4,1,1,2,0;39
6;5,0,0,3,0;-40
6;4,1,0,3,0;19
6;7,0,0,0,1;-20
6;6,1,0,0,1;-25
6;5,2,0,0,1;26
6;4,3,0,0,1;-20
6;6,0,1,0,1;-26
6;5,1,1,0,1;-40
6;4,2,1,0,1;48
6;5,0,2,0,1;48
6;4,1,2,0,1;43
6;6,0,0,1,1;-43
6;5,1,0,1,1;-17
6;4,2,0,1,1;43
6;5,0,1,1,1;11
6;4,1,1,1,1;32
6;5,0,0,2,1;35
6;4,1,0,2,1;-6
6;6,0,0,0,2;-17
6;5,1,0,0,2;30
6;4,2,0,0,2;37
6;5,0,1,0,2;35
6;4,1,1,0,2;15
6;5,0,0,1,2;31
6;4,1,0,1,2;-38
6;5,0,0,0,3;36
6;7,0,0,0,0;43
6;6,1,0,0,0;15
6;5,2,0,0,0;-11
6;4,3,0,0,0;-41
6;3,4,0,0,0;-28
6;2,5,0,0,0;31
6;5,1,1,0,0;-12
6;4,2,1,0,0;30
6;3,3,1,0,0;-31
6;2,4,1,0,0;5
6;5,0,2,0,0;-16
6;4,1,2,0,0;-9
6;3,2,2,0,0;-14
6;2,3,2,0,0;-20
6;4,0,3,0,0;38
6;3,1,3,0,0;11
6;2,2,3,0,0;11
6;3,0,4,0,0;-13
6;6,0,0,1,0;29
6;5,1,0,1,0;27
6;4,2,0,1,0;-35
6;3,3,0,1,0;33
6;2,4,0,1,0;-31
6;5,0,1,1,0;12
6;4,1,1,1,0;26
6;3,2,1,1,0;1
6;2,3,1,1,0;-15
6;4,0,2,1,0;-18
6;3,1,2,1,0;36
6;2,2,2,1,0;47
6;3,0,3,1,0;44
6;5,0,0,2,0;15
6;4,1,0,2,0;28
6;3,2,0,2,0;-18
6;2,3,0,2,0;-26
6;4,0,1,2,0;-22
6;3,1,1,2,0;36
6;2,2,1,2,0;-34
6;3,0,2,2,0;27
6;4,0,0,3,0;-4
6;3,1,0,3,0;-43
6;2,2,0,3,0;31
6;3,0,1,3,0;-17
6;3,0,0,4,0;35
6;6,0,0,0,1;11
6;5,1,0,0,1;-36
6;4,2,0,0,1;-3
6;3,3,0,0,1;-33
6;2,4,0,0,1;44
6;5,0,1,0,1;-30
6;4,1,1,0,1;20
6;3,2,1,0,1;1
6;2,3,1,0,1;49
6;4,0,2,0,1;47
6;3,1,2,0,1;-32
6;2,2,2,0,1;31
6;3,0,3,0,1;46
6;5,0,0,1,1;18
6;4,1,0,1,1;-9
6;3,2,0,1,1;-13
6;2,3,0,1,1;-38
6;4,0,1,1,1;23
6;3,1,1,1,1;-20
6;2,2,1,1,1;-16
6;3,0,2,1,1;29
6;4,0,0,2,1;-28
6;3,1,0,2,1;-50
6;2,2,0,2,1;-47
6;3,0,1,2,1;40
6;3,0,0,3,1;-27
6;5,0,0,0,2;-20
6;4,1,0,0,2;50
6;3,2,0,0,2;47
6;2,3,0,0,2;-46
6;4,0,1,0,2;44
6;3,1,1,0,2;-18
6;2,2,1,0,2;39
6;3,0,2,0,2;9
6;4,0,0,1,2;35
6;3,1,0,1,2;-3
6;2,2,0,1,2;39
6;3,0,1,1,2;-2
6;3,0,0,2,2;31
6;4,0,0,0,3;-35
6;3,1,0,0,3;-23
6;6,0,0,0,0;-10
6;5,1,0,0,0;32
6;4,2,0,0,0;17
6;3,3,0,0,0;-31
6;2,4,0,0,0;21
6;1,5,0,0,0;-11
6;0,6,0,0,0;23
6;5,0,1,0,0;49
6;3,2,1,0,0;1
6;2,3,1,0,0;-25
6;1,4,1,0,0;37
6;0,5,1,0,0;11
6;4,0,2,0,0;-23
6;3,1,2,0,0;48
6;2,2,2,0,0;-40
6;1,3,2,0,0;49
6;0,4,2,0,0;5
6;3,0,3,0,0;9
6;2,1,3,0,0;21
6;1,2,3,0,0;-33
6;0,3,3,0,0;-44
6;2,0,4,0,0;-30
6;1,1,4,0,0;-4
6;5,0,0,1,0;37
6;4,1,0,1,0;38
6;3,2,0,1,0;-35
6;2,3,0,1,0;-36
6;1,4,0,1,0;25
6;0,5,0,1,0;-15
6;4,0,1,1,0;34
6;3,1,1,1,0;-15
6;2,2,1,1,0;6
6;1,3,1,1,0;-48
6;0,4,1,1,0;-47
6;3,0,2,1,0;-27
6;2,1,2,1,0;33
6;1,2,2,1,0;17
6;0,3,2,1,0;15
6;2,0,3,1,0;34
6;1,1,3,1,0;-8
6;4,0,0,2,0;-20
6;3,1,0,2,0;17
6;2,2,0,2,0;-24
6;1,3,0,2,0;6
6;0,4,0,2,0;-25
6;3,0,1,2,0;-32
6;2,1,1,2,0;45
6;1,2,1,2,0;-23
6;0,3,1,2,0;-26
6;2,0,2,2,0;-16
6;1,1,2,2,0;-21
6;3,0,0,3,0;4
6;2,1,0,3,0;-41
6;1,2,0,3,0;-40
6;0,3,0,3,0;-11
6;2,0,1,3,0;-2
6;1,1,1,3,0;-17
6;2,0,0,4,0;-13
6;1,1,0,4,0;-17
6;5,0,0,0,1;-22
6;4,1,0,0,1;40
6;3,2,0,0,1;-40
6;2,3,0,0,1;-45
6;1,4,0,0,1;30
6;0,5,0,0,1;-41
6;4,0,1,0,1;-6
6;3,1,1,0,1;1
6;2,2,1,0,1;-23
6;1,3,1,0,1;36
6;0,4,1,0,1;50
6;3,0,2,0,1;29
6;1,2,2,0,1;-33
6;0,3,2,0,1;-23
6;2,0,3,0,1;-42
6;1,1,3,0,1;-48
6;4,0,0,1,1;-15
6;3,1,0,1,1;41
6;2,2,0,1,1;-12
6;1,3,0,1,1;17
6;0,4,0,1,1;-50
6;3,0,1,1,1;23
6;2,1,1,1,1;-11
6;1,2,1,1,1;-1
6;0,3,1,1,1;-25
6;2,0,2,1,1;40
6;1,1,2,1,1;-32
6;3,0,0,2,1;-32
6;2,1,0,2,1;-23
6;1,2,0,2,1;-4
6;0,3,0,2,1;46
6;2,0,1,2,1;26
6;1,1,1,2,1;13
6;2,0,0,3,1;46
6;1,1,0,3,1;16
6;4,0,0,0,2;-31
6;3,1,0,0,2;18
6;2,2,0,0,2;31
6;1,3,0,0,2;-32
6;0,4,0,0,2;-15
6;3,0,1,0,2;15
6;2,1,1,0,2;31
6;1,2,1,0,2;50
6;0,3,1,0,2;46
6;2,0,2,0,2;45
6;1,1,2,0,2;-5
6;3,0,0,1,2;-39
6;2,1,0,1,2;-23
6;1,2,0,1,2;-47
6;0,3,0,1,2;22
6;2,0,1,1,2;6
6;1,1,1,1,2;-12
6;2,0,0,2,2;-2
6;1,1,0,2,2;34
6;3,0,0,0,3;-38
6;2,1,0,0,3;48
6;1,2,0,0,3;17
6;2,0,1,0,3;19
6;2,0,0,1,3;26
6;5,0,0,0,0;28
6;4,1,0,0,0;-45
6;3,2,0,0,0;50
6;2,3,0,0,0;-15
6;1,4,0,0,0;-30
6;0,5,0,0,0;-18
6;4,0,1,0,0;11
6;3,1,1,0,0;39
6;2,2,1,0,0;35
6;1,3,1,0,0;-3
6;0,4,1,0,0;-35
6;3,0,2,0,0;15
6;2,1,2,0,0;19
6;1,2,2,0,0;37
6;0,3,2,0,0;22
6;2,0,3,0,0;-15
6;1,1,3,0,0;35
6;0,2,3,0,0;-15
6;1,0,4,0,0;-32
6;0,1,4,0,0;-42
6;0,0,5,0,0;-23
6;4,0,0,1,0;9
6;3,1,0,1,0;-34
6;2,2,0,1,0;-1
6;1,3,0,1,0;-8
6;0,4,0,1,0;39
6;3,0,1,1,0;-36
6;2,1,1,1,0;26
6;1,2,1,1,0;-22
6;0,3,1,1,0;2
6;2,0,2,1,0;-34
6;1,1,2,1,0;-46
6;0,2,2,1,0;41
6;1,0,3,1,0;33
6;0,1,3,1,0;-21
6;0,0,4,1,0;-34
6;3,0,0,2,0;-43
6;2,1,0,2,0;8
6;1,2,0,2,0;24
6;0,3,0,2,0;29
6;2,0,1,2,0;-42
6;1,1,1,2,0;29
6;0,2,1,2,0;-15
6;1,0,2,2,0;28
6;0,0,3,2,0;-8
6;2,0,0,3,0;-46
6;1,1,0,3,0;49
6;0,2,0,3,0;-43
6;1,0,1,3,0;-35
6;0,1,1,3,0;-49
6;0,0,2,3,0;10
6;1,0,0,4,0;-4
6;0,1,0,4,0;34
6;0,0,1,4,0;-39
6;0,0,0,5,0;4
6;4,0,0,0,1;26
6;3,1,0,0,1;-28
6;2,2,0,0,1;-21
6;1,3,0,0,1;50
6;0,4,0,0,1;-42
6;3,0,1,0,1;-8
6;2,1,1,0,1;9
6;1,2,1,0,1;18
6;0,3,1,0,1;-17
6;2,0,2,0,1;3
6;1,1,2,0,1;-9
6;0,2,2,0,1;-45
6;1,0,3,0,1;-23
6;0,1,3,0,1;-10
6;0,0,4,0,1;27
6;3,0,0,1,1;-49
6;2,1,0,1,1;12
6;1,2,0,1,1;-28
6;0,3,0,1,1;-41
6;2,0,1,1,1;18
6;1,1,1,1,1;21
6;0,2,1,1,1;31
6;1,0,2,1,1;15
6;0,1,2,1,1;-24
6;0,0,3,1,1;-40
6;2,0,0,2,1;23
6;1,1,0,2,1;-38
6;0,2,0,2,1;4
6;1,0,1,2,1;-8
6;0,1,1,2,1;14
6;0,0,2,2,1;49
6;1,0,0,3,1;-46
6;0,1,0,3,1;37
6;0,0,1,3,1;-22
6;0,0,0,4,1;20
6;3,0,0,0,2;18
6;2,1,0,0,2;47
6;1,2,0,0,2;-2
6;0,3,0,0,2;-4
6;2,0,1,0,2;22
6;1,1,1,0,2;-41
6;0,2,1,0,2;-17
6;1,0,2,0,2;44
6;0,1,2,0,2;-9
6;0,0,3,0,2;47
6;2,0,0,1,2;-50
6;1,1,0,1,2;7
6;0,2,0,1,2;-42
6;1,0,1,1,2;24
6;0,1,1,1,2;32
6;0,0,2,1,2;47
6;1,0,0,2,2;29
6;0,1,0,2,2;-17
6;0,0,1,2,2;-30
6;0,0,0,3,2;-8
6;2,0,0,0,3;-3
6;1,1,0,0,3;31
6;0,2,0,0,3;30
6;1,0,1,0,3;-40
6;0,1,1,0,3;-38
6;1,0,0,1,3;-44
6;0,1,0,1,3;35
6;1,0,0,0,4;46
6;4,0,0,0,0;20
6;3,1,0,0,0;-49
6;2,2,0,0,0;-37
6;1,3,0,0,0;-26
6;0,4,0,0,0;-38
6;3,0,1,0,0;6
6;2,1,1,0,0;39
6;1,2,1,0,0;-15
6;0,3,1,0,0;-3
6;2,0,2,0,0;-39
6;1,1,2,0,0;2
6;0,2,2,0,0;10
6;1,0,3,0,0;-16
6;0,1,3,0,0;-36
6;0,0,4,0,0;49
6;3,0,0,1,0;-34
6;2,1,0,1,0;-25
6;1,2,0,1,0;2
6;0,3,0,1,0;24
6;2,0,1,1,0;44
6;1,1,1,1,0;-42
6;0,2,1,1,0;-31
6;1,0,2,1,0;-24
6;0,1,2,1,0;38
6;0,0,3,1,0;25
6;2,0,0,2,0;47
6;1,1,0,2,0;-49
6;0,2,0,2,0;2
6;1,0,1,2,0;-15
6;0,1,1,2,0;42
6;0,0,2,2,0;-26
6;1,0,0,3,0;33
6;0,1,0,3,0;33
6;0,0,1,3,0;39
6;0,0,0,4,0;-16
6;3,0,0,0,1;-2
6;2,1,0,0,1;50
6;1,2,0,0,1;37
6;0,3,0,0,1;-36
6;2,0,1,0,1;-19
6;1,1,1,0,1;-15
6;0,2,1,0,1;36
6;1,0,2,0,1;29
6;0,1,2,0,1;-1
6;0,0,3,0,1;-20
6;2,0,0,1,1;4
6;1,1,0,1,1;-39
6;0,2,0,1,1;-31
6;1,0,1,1,1;-36
6;0,1,1,1,1;39
6;0,0,2,1,1;-1
6;1,0,0,2,1;-32
6;0,1,0,2,1;-31
6;0,0,1,2,1;-30
6;0,0,0,3,1;33
6;2,0,0,0,2;7
6;1,1,0,0,2;-20
6;0,2,0,0,2;-23
6;1,0,1,0,2;33
6;0,1,1,0,2;-43
6;0,0,2,0,2;12
6;1,0,0,1,2;3
6;0,1,0,1,2;23
6;0,0,1,1,2;5
6;0,0,0,2,2;48
6;1,0,0,0,3;25
6;0,1,0,0,3;-3
6;0,0,1,0,3;26
6;0,0,0,1,3;-40
6;0,0,0,0,4;12
6;3,0,0,0,0;34
6;2,1,0,0,0;49
6;1,2,0,0,0;-26
6;0,3,0,0,0;5
6;2,0,1,0,0;-17
6;1,1,1,0,0;28
6;0,2,1,0,0;-37
6;1,0,2,0,0;-25
6;0,1,2,0,0;30
6;0,0,3,0,0;3
6;2,0,0,1,0;1
6;1,1,0,1,0;-35
6;0,2,0,1,0;31
6;1,0,1,1,0;-4
6;0,1,1,1,0;24
6;0,0,2,1,0;-28
6;1,0,0,2,0;28
6;0,1,0,2,0;27
6;0,0,1,2,0;22
6;0,0,0,3,0;20
6;2,0,0,0,1;-11
6;1,1,0,0,1;-29
6;0,2,0,0,1;-41
6;1,0,1,0,1;-16
6;0,1,1,0,1;-49
6;0,0,2,0,1;-18
6;1,0,0,1,1;17
6;0,1,0,1,1;26
6;0,0,1,1,1;22
6;0,0,0,2,1;20
6;1,0,0,0,2;-44
6;0,1,0,0,2;22
6;0,0,1,0,2;-28
6;0,0,0,1,2;-23
6;0,0,0,0,3;-18
6;2,0,0,0,0;-4
6;1,1,0,0,0;-15
6;0,2,0,0,0;-47
6;1,0,1,0,0;-8
6;0,1,1,0,0;-37
6;0,0,2,0,0;-14
6;1,0,0,1,0;-17
6;0,1,0,1,0;45
6;0,0,1,1,0;-43
6;0,0,0,2,0;21
6;1,0,0,0,1;-48
6;0,1,0,0,1;24
6;0,0,1,0,1;-21
6;0,0,0,1,1;33
6;0,0,0,0,2;27
6;1,0,0,0,0;5
6;0,1,0,0,0;-31
6;0,0,1,0,0;-49
6;0,0,0,1,0;11
6;0,0,0,0,1;44
6;0,0,0,0,0;39
