======================================================================
STAGE 6b: Phi_1, Phi_2 (corrected)
======================================================================
E_0: selected 17 independent rows (dropped u-exp 17)
E_0 formal solution: A_{-3} (6 vars), B_{-2} (10 vars)
E_{-1} left nullspace dim 2
Phi_1: 54 monomials
   (0, 0, 0, 0, 0, 2, 0)
   (0, 0, 0, 0, 1, 1, 0)
   (0, 0, 0, 0, 2, 0, 0)
   (0, 0, 0, 1, 0, 0, 1)
   (0, 0, 0, 3, 0, 0, 0)
   (0, 0, 1, 0, 0, 0, 1)
   (0, 0, 1, 2, 0, 0, 0)
   (0, 0, 2, 1, 0, 0, 0)
   (0, 0, 3, 0, 0, 0, 0)
   (0, 1, 0, 1, 0, 1, 0)
   ... and 44 more
Phi_2: 54 monomials
   (0, 0, 0, 0, 0, 2, 0)
   (0, 0, 0, 0, 1, 1, 0)
   (0, 0, 0, 0, 2, 0, 0)
   (0, 0, 0, 1, 0, 0, 1)
   (0, 0, 0, 3, 0, 0, 0)
   (0, 0, 1, 0, 0, 0, 1)
   (0, 0, 1, 2, 0, 0, 0)
   (0, 0, 2, 1, 0, 0, 0)
   (0, 0, 3, 0, 0, 0, 0)
   (0, 1, 0, 1, 0, 1, 0)
   ... and 44 more

STAGE 6b DONE
exit=0 secs=3
