======================================================================
STAGE 5: E_0 COMPATIBILITY AND E_{-1}
======================================================================
E_1: 19x19, kernel dim 1 (q-direction)
RHS_{E_1}: 18 monomials
  E_1 unsolvable for monomial (0, 0, 0, 2, 0, 0) (expected iff Omega!=0)
  E_1 unsolvable for monomial (0, 2, 0, 1, 0, 0) (expected iff Omega!=0)
  E_1 unsolvable for monomial (0, 4, 0, 0, 0, 0) (expected iff Omega!=0)
A_{-2}, B_{-1}: solved (+ q-kernel)
E_0: 18x17, U_1 nonzero on u-exps [0, 1, 2, 3, 4, 5, 6, 7, 8, 9, 10, 11, 12, 13, 14, 15, 16, 17]

Psi(t,s,r,q): 204 monomials
  (0, 0, 0, 0, 0, 0, 2)
  (0, 0, 0, 0, 0, 1, 1)
  (0, 0, 0, 0, 1, 0, 1)
  (0, 0, 0, 1, 0, 1, 0)
  (0, 0, 0, 1, 1, 0, 0)
  (0, 0, 1, 1, 0, 0, 1)
  (0, 0, 1, 1, 0, 1, 0)
  (0, 0, 1, 1, 1, 0, 0)
  (0, 0, 2, 0, 0, 0, 1)
  (0, 0, 2, 0, 0, 1, 0)
  (0, 0, 2, 0, 1, 0, 0)
  (0, 0, 2, 2, 0, 0, 0)
  (0, 0, 3, 1, 0, 0, 0)
  (0, 0, 4, 0, 0, 0, 0)
  (0, 1, 0, 0, 0, 0, 1)
  (0, 1, 0, 0, 0, 1, 1)
  (0, 1, 0, 0, 0, 2, 0)
  (0, 1, 0, 0, 1, 0, 1)
  (0, 1, 0, 0, 1, 1, 0)
  (0, 1, 0, 0, 2, 0, 0)
  (0, 1, 0, 1, 0, 0, 1)
  (0, 1, 0, 2, 0, 0, 0)
  (0, 1, 1, 0, 0, 0, 1)
  (0, 1, 1, 1, 0, 0, 0)
  (0, 1, 1, 1, 0, 1, 0)
  (0, 1, 1, 1, 1, 0, 0)
  (0, 1, 1, 2, 0, 0, 0)
  (0, 1, 2, 0, 0, 0, 0)
  (0, 1, 2, 0, 0, 1, 0)
  (0, 1, 2, 0, 1, 0, 0)
  (0, 1, 2, 1, 0, 0, 0)
  (0, 1, 3, 0, 0, 0, 0)
  (0, 2, 0, 0, 0, 1, 0)
  (0, 2, 0, 0, 0, 2, 0)
  (0, 2, 0, 0, 1, 0, 0)
  (0, 2, 0, 0, 1, 1, 0)
  (0, 2, 0, 0, 2, 0, 0)
  (0, 2, 0, 1, 0, 1, 0)
  (0, 2, 0, 1, 1, 0, 0)
  (0, 2, 1, 0, 0, 0, 1)
  (0, 2, 1, 0, 0, 1, 0)
  (0, 2, 1, 0, 1, 0, 0)
  (0, 2, 2, 1, 0, 0, 0)
  (0, 2, 3, 0, 0, 0, 0)
  (0, 3, 0, 0, 0, 0, 1)
  (0, 3, 0, 1, 0, 0, 0)
  (0, 3, 1, 0, 0, 0, 0)
  (0, 3, 1, 0, 0, 1, 0)
  (0, 3, 1, 0, 1, 0, 0)
  (0, 3, 1, 1, 0, 0, 0)
  (0, 3, 2, 0, 0, 0, 0)
  (0, 4, 0, 0, 0, 1, 0)
  (0, 4, 0, 0, 1, 0, 0)
  (0, 4, 2, 0, 0, 0, 0)
  (0, 5, 1, 0, 0, 0, 0)
  (1, 0, 0, 0, 0, 0, 1)
  (1, 0, 0, 0, 0, 1, 1)
  (1, 0, 0, 0, 0, 2, 0)
  (1, 0, 0, 0, 1, 0, 1)
  (1, 0, 0, 0, 1, 1, 0)
  (1, 0, 0, 0, 2, 0, 0)
  (1, 0, 0, 1, 0, 0, 1)
  (1, 0, 0, 2, 0, 0, 0)
  (1, 0, 1, 0, 0, 0, 1)
  (1, 0, 1, 1, 0, 0, 0)
  (1, 0, 1, 1, 0, 1, 0)
  (1, 0, 1, 1, 1, 0, 0)
  (1, 0, 1, 2, 0, 0, 0)
  (1, 0, 2, 0, 0, 0, 0)
  (1, 0, 2, 0, 0, 1, 0)
  (1, 0, 2, 0, 1, 0, 0)
  (1, 0, 2, 1, 0, 0, 0)
  (1, 0, 3, 0, 0, 0, 0)
  (1, 1, 0, 0, 0, 1, 0)
  (1, 1, 0, 0, 0, 2, 0)
  (1, 1, 0, 0, 1, 0, 0)
  (1, 1, 0, 0, 1, 1, 0)
  (1, 1, 0, 0, 2, 0, 0)
  (1, 1, 0, 1, 0, 0, 1)
  (1, 1, 0, 1, 0, 1, 0)
  (1, 1, 0, 1, 1, 0, 0)
  (1, 1, 1, 0, 0, 0, 1)
  (1, 1, 1, 0, 0, 1, 0)
  (1, 1, 1, 0, 1, 0, 0)
  (1, 1, 1, 2, 0, 0, 0)
  (1, 1, 2, 1, 0, 0, 0)
  (1, 1, 3, 0, 0, 0, 0)
  (1, 2, 0, 0, 0, 0, 1)
  (1, 2, 0, 1, 0, 0, 0)
  (1, 2, 0, 1, 0, 1, 0)
  (1, 2, 0, 1, 1, 0, 0)
  (1, 2, 0, 2, 0, 0, 0)
  (1, 2, 1, 0, 0, 0, 0)
  (1, 2, 1, 0, 0, 1, 0)
  (1, 2, 1, 0, 1, 0, 0)
  (1, 2, 1, 1, 0, 0, 0)
  (1, 2, 2, 0, 0, 0, 0)
  (1, 3, 0, 0, 0, 0, 1)
  (1, 3, 0, 0, 0, 1, 0)
  (1, 3, 0, 0, 1, 0, 0)
  (1, 3, 1, 1, 0, 0, 0)
  (1, 3, 2, 0, 0, 0, 0)
  (1, 4, 0, 0, 0, 0, 0)
  (1, 4, 0, 0, 0, 1, 0)
  (1, 4, 0, 0, 1, 0, 0)
  (1, 4, 0, 1, 0, 0, 0)
  (1, 4, 1, 0, 0, 0, 0)
  (1, 5, 1, 0, 0, 0, 0)
  (1, 6, 0, 0, 0, 0, 0)
  (2, 0, 0, 0, 0, 1, 0)
  (2, 0, 0, 0, 0, 2, 0)
  (2, 0, 0, 0, 1, 0, 0)
  (2, 0, 0, 0, 1, 1, 0)
  (2, 0, 0, 0, 2, 0, 0)
  (2, 0, 0, 1, 0, 0, 1)
  (2, 0, 0, 1, 0, 1, 0)
  (2, 0, 0, 1, 1, 0, 0)
  (2, 0, 1, 0, 0, 0, 1)
  (2, 0, 1, 0, 0, 1, 0)
  (2, 0, 1, 0, 1, 0, 0)
  (2, 0, 1, 2, 0, 0, 0)
  (2, 0, 2, 1, 0, 0, 0)
  (2, 0, 3, 0, 0, 0, 0)
  (2, 1, 0, 0, 0, 0, 1)
  (2, 1, 0, 1, 0, 0, 0)
  (2, 1, 0, 1, 0, 1, 0)
  (2, 1, 0, 1, 1, 0, 0)
  (2, 1, 0, 2, 0, 0, 0)
  (2, 1, 1, 0, 0, 0, 0)
  (2, 1, 1, 0, 0, 1, 0)
  (2, 1, 1, 0, 1, 0, 0)
  (2, 1, 1, 1, 0, 0, 0)
  (2, 1, 2, 0, 0, 0, 0)
  (2, 2, 0, 0, 0, 0, 1)
  (2, 2, 0, 0, 0, 1, 0)
  (2, 2, 0, 0, 1, 0, 0)
  (2, 2, 0, 2, 0, 0, 0)
  (2, 2, 1, 1, 0, 0, 0)
  (2, 2, 2, 0, 0, 0, 0)
  (2, 3, 0, 0, 0, 0, 0)
  (2, 3, 0, 0, 0, 1, 0)
  (2, 3, 0, 0, 1, 0, 0)
  (2, 3, 0, 1, 0, 0, 0)
  (2, 3, 1, 0, 0, 0, 0)
  (2, 4, 0, 1, 0, 0, 0)
  (2, 4, 1, 0, 0, 0, 0)
  (2, 5, 0, 0, 0, 0, 0)
  (2, 6, 0, 0, 0, 0, 0)
  (3, 0, 0, 0, 0, 0, 1)
  (3, 0, 0, 1, 0, 0, 0)
  (3, 0, 0, 1, 0, 1, 0)
  (3, 0, 0, 1, 1, 0, 0)
  (3, 0, 0, 2, 0, 0, 0)
  (3, 0, 1, 0, 0, 0, 0)
  (3, 0, 1, 0, 0, 1, 0)
  (3, 0, 1, 0, 1, 0, 0)
  (3, 0, 1, 1, 0, 0, 0)
  (3, 0, 2, 0, 0, 0, 0)
  (3, 1, 0, 0, 0, 0, 1)
  (3, 1, 0, 0, 0, 1, 0)
  (3, 1, 0, 0, 1, 0, 0)
  (3, 1, 0, 2, 0, 0, 0)
  (3, 1, 1, 1, 0, 0, 0)
  (3, 1, 2, 0, 0, 0, 0)
  (3, 2, 0, 0, 0, 0, 0)
  (3, 2, 0, 0, 0, 1, 0)
  (3, 2, 0, 0, 1, 0, 0)
  (3, 2, 0, 1, 0, 0, 0)
  (3, 2, 1, 0, 0, 0, 0)
  (3, 3, 0, 1, 0, 0, 0)
  (3, 3, 1, 0, 0, 0, 0)
  (3, 4, 0, 0, 0, 0, 0)
  (3, 5, 0, 0, 0, 0, 0)
  (4, 0, 0, 0, 0, 0, 1)
  (4, 0, 0, 0, 0, 1, 0)
  (4, 0, 0, 0, 1, 0, 0)
  (4, 0, 0, 2, 0, 0, 0)
  (4, 0, 1, 1, 0, 0, 0)
  (4, 0, 2, 0, 0, 0, 0)
  (4, 1, 0, 0, 0, 0, 0)
  (4, 1, 0, 0, 0, 1, 0)
  (4, 1, 0, 0, 1, 0, 0)
  (4, 1, 0, 1, 0, 0, 0)
  (4, 1, 1, 0, 0, 0, 0)
  (4, 2, 0, 1, 0, 0, 0)
  (4, 2, 1, 0, 0, 0, 0)
  (4, 3, 0, 0, 0, 0, 0)
  (4, 4, 0, 0, 0, 0, 0)
  (5, 0, 0, 0, 0, 0, 0)
  (5, 0, 0, 0, 0, 1, 0)
  (5, 0, 0, 0, 1, 0, 0)
  (5, 0, 0, 1, 0, 0, 0)
  (5, 0, 1, 0, 0, 0, 0)
  (5, 1, 0, 1, 0, 0, 0)
  (5, 1, 1, 0, 0, 0, 0)
  (5, 2, 0, 0, 0, 0, 0)
  (5, 3, 0, 0, 0, 0, 0)
  (6, 0, 0, 1, 0, 0, 0)
  (6, 0, 1, 0, 0, 0, 0)
  (6, 1, 0, 0, 0, 0, 0)
  (6, 2, 0, 0, 0, 0, 0)
  (7, 0, 0, 0, 0, 0, 0)
  (7, 1, 0, 0, 0, 0, 0)
  (8, 0, 0, 0, 0, 0, 0)

======================================================================
E_{-1} OPERATOR
======================================================================
E_{-1}: 17x15 (u-exps 0..16), rank 15
  left nullity 2, kernel dim 0
  rank mod 101: 15

======================================================================
IDEAL CHECK <Omega, Psi>
======================================================================
Singular Groebner of <Psi> (mod 101):
G[1]=t1^8-22*t1^7*t2+42*t1^6*t2^2+3*t1^5*t2^3+33*t1^4*t2^4+11*t1^3*t2^5-5*t1^2*t2^6+13*t1^7-27*t1^6*t2-15*t1^5*t2^2-15*t1^4*t2^3-22*t1^3*t2^4+t1*t2^6-3*t1^6*s1+44*t1^5*t2*s1+14*t1^4*t2^2*s1-7*t1^3*t2^3*s1-46*t1^2*t2^4*s1+43*t1*t2^5*s1-7*t1^6*s2-17*t1^5*t2*s2-17*t1^4*t2^2*s2-40*t1^3*t2^3*s2+14*t1^2*t2^4*s2+30*t1^5*s1-34*t1^4*t2*s1-2*t1^3*t2^2*s1-21*t1^2*t2^3*s1-25*t1*t2^4*s1+14*t2^5*s1-8*t1^4*s1^2-23*t1^3*t2*s1^2-25*t1^2*t2^2*s1^2-40*t1*t2^3*s1^2-27*t2^4*s1^2+19*t1^5*s2-t1^4*t2*s2+31*t1^3*t2^2*s2+3*t1^2*t2^3*s2-31*t1*t2^4*s2-21*t1^4*s1*s2-48*t1^3*t2*s1*s2-48*t1^2*t2^2*s1*s2+29*t1*t2^3*s1*s2-28*t1^4*s2^2+21*t1^3*t2*s2^2-48*t1^2*t2^2*s2^2+24*t1^5*r1+12*t1^4*t2*r1-29*t1^3*t2^2*r1+23*t1^2*t2^3*r1+8*t1*t2^4*r1-39*t1^5*r2+50*t1^4*t2*r2+35*t1^3*t2^2*r2+46*t1^2*t2^3*r2+50*t1*t2^4*r2-34*t1^5+37*t1^4*t2+45*t1^3*t2^2-8*t1^2*t2^3+49*t1*t2^4-28*t1^3*s1^2+29*t1^2*t2*s1^2+t1*t2^2*s1^2-49*t2^3*s1^2+14*t1^2*s1^3+25*t1*t2*s1^3+32*t2^2*s1^3+34*t1^3*s1*s2+11*t1^2*t2*s1*s2-16*t1*t2^2*s1*s2+16*t2^3*s1*s2-31*t1^2*s1^2*s2-15*t1*t2*s1^2*s2+13*t2^2*s1^2*s2-17*t1^3*s2^2-13*t1^2*t2*s2^2-15*t1*t2^2*s2^2+21*t1^2*s1*s2^2+22*t1*t2*s1*s2^2-t1^4*r1+14*t1^3*t2*r1+6*t1^2*t2^2*r1+21*t1*t2^3*r1-14*t2^4*r1+16*t1^3*s1*r1+29*t1^2*t2*s1*r1-33*t1*t2^2*s1*r1-13*t2^3*s1*r1-40*t1^3*s2*r1-44*t1^2*t2*s2*r1+37*t1*t2^2*s2*r1-11*t1^4*r2-22*t1^3*t2*r2-16*t1^2*t2^2*r2+30*t1*t2^3*r2+21*t2^4*r2-3*t1^3*s1*r2-4*t1^2*t2*s1*r2-12*t1*t2^2*s1*r2-30*t2^3*s1*r2-t1^3*s2*r2-46*t1^2*t2*s2*r2+50*t1*t2^2*s2*r2+5*t1^4*q+26*t1^3*t2*q-7*t1^2*t2^2*q+33*t1*t2^3*q+49*t1^3*s1-12*t1^2*t2*s1-40*t1*t2^2*s1-36*t2^3*s1-41*t1*s1^3+18*t2*s1^3+34*s1^4+32*t1^3*s2+45*t1^2*t2*s2-38*t1*t2^2*s2+26*t2^3*s2+34*t1*s1^2*s2+32*t2*s1^2*s2+33*s1^3*s2+2*t1*s1*s2^2+46*t2*s1*s2^2-23*s1^2*s2^2-35*t1^2*s1*r1-13*t1*t2*s1*r1+29*t2^2*s1*r1+49*t1*s1^2*r1+29*t2*s1^2*r1+6*t1^2*s2*r1-33*t1*t2*s2*r1-37*t2^2*s2*r1-4*t1*s1*s2*r1-11*t2*s1*s2*r1+15*t1^2*r1^2+11*t1*t2*r1^2-17*t2^2*r1^2-3*t1^2*s1*r2-35*t1*t2*s1*r2+6*t2^2*s1*r2-29*t1*s1^2*r2-39*t2*s1^2*r2+8*t1^2*s2*r2-21*t1*t2*s2

STAGE 5 DONE
exit=0 secs=2
